1200	36.8041000366
1201.41296387	36.5900230408
1202.82592773	36.4179534912
1204.2388916	36.308883667
1205.65185547	36.4020080566
1207.06481934	36.235118866
1208.4777832	36.4014091492
1209.89086914	35.6092605591
1211.30383301	35.350692749
1212.71679688	35.2049064636
1214.12976074	34.9216346741
1215.54272461	34.8236618042
1216.95568848	35.031627655
1218.36865234	34.4317741394
1219.78161621	34.7979545593
1221.19458008	34.5484428406
1222.60754395	34.5683670044
1224.02050781	34.8342514038
1225.43347168	34.7878837585
1226.84655762	34.2783355713
1228.25952148	34.2039146423
1229.67248535	34.4367027283
1231.08544922	34.2010688782
1232.49841309	34.2782363892
1233.91137695	33.6723442078
1235.32434082	32.9068336487
1236.73730469	32.1617660522
1238.15026855	31.0728778839
1239.56323242	30.6564121246
1240.97619629	29.6844348907
1242.38916016	29.0574302673
1243.80212402	28.03008461
1245.21520996	26.8471298218
1246.62817383	25.7042427063
1248.0411377	24.8244857788
1249.45410156	24.0778560638
1250.86706543	22.3042850494
1252.2800293	21.8343162537
1253.69299316	21.0355110168
1255.10595703	20.0033531189
1256.5189209	19.4233417511
1257.93188477	19.163854599
1259.34484863	18.9291706085
1260.7578125	18.8944396973
1262.17089844	19.5059013367
1263.5838623	19.1699714661
1264.99682617	18.6763935089
1266.40979004	18.7576122284
1267.82275391	18.3635044098
1269.23571777	17.8090572357
1270.64868164	17.7492218018
1272.06164551	18.0741729736
1273.47460938	17.9611988068
1274.88757324	17.9506950378
1276.30053711	18.154882431
1277.71350098	18.0514583588
1279.12646484	18.1766033173
1280.53955078	18.4731616974
1281.95251465	18.7144412994
1283.36547852	18.8377761841
1284.77844238	18.9157981873
1286.19140625	19.0370693207
1287.60437012	19.6546096802
1289.01733398	19.7545948029
1290.43029785	19.8829231262
1291.84326172	20.3063278198
1293.25622559	20.5068435669
1294.66918945	20.2692394257
1296.08215332	20.4107875824
1297.49523926	20.4288883209
1298.90820313	20.7954978943
1300.32116699	20.5854606628
1301.73413086	20.4425773621
1303.14709473	20.6948661804
1304.56005859	20.9531040192
1305.97302246	20.9818763733
1307.38598633	21.1509227753
1308.7989502	21.5227622986
1310.21191406	21.1405639648
1311.62487793	21.0074691772
1313.0378418	20.8915691376
1314.45092773	20.6648578644
1315.8638916	20.1414394379
1317.27685547	19.6528015137
1318.68981934	19.4651165009
1320.1027832	18.9662494659
1321.51574707	19.1902732849
1322.92871094	18.4047222137
1324.3416748	18.3255882263
1325.75463867	17.8524131775
1327.16760254	17.2199859619
1328.58056641	16.8046627045
1329.99353027	16.6058158875
1331.40649414	16.335395813
1332.81958008	15.7887325287
1334.23254395	15.4869003296
1335.64550781	15.3847112656
1337.05847168	15.1432533264
1338.47143555	14.7486619949
1339.88439941	14.6144323349
1341.29736328	14.6458740234
1342.71032715	14.4570598602
1344.12329102	14.2306480408
1345.53625488	14.3094959259
1346.94921875	14.8066711426
1348.36218262	14.6259403229
1349.77526855	14.822095871
1351.18823242	14.8579015732
1352.60119629	14.8294181824
1354.01416016	14.982758522
1355.42712402	15.161277771
1356.84008789	15.266245842
1358.25305176	15.6902637482
1359.66601563	16.0039520264
1361.07897949	16.0350112915
1362.49194336	16.1158256531
1363.90490723	16.0951499939
1365.31787109	16.3715820313
1366.73083496	16.9871673584
1368.1439209	17.3601493835
1369.55688477	17.8452968597
1370.96984863	18.1114387512
1372.3828125	18.4859828949
1373.79577637	19.1319313049
1375.20874023	19.5050506592
1376.6217041	19.6524066925
1378.03466797	20.0089759827
1379.44763184	20.8420505524
1380.8605957	21.8621292114
1382.27355957	22.4654788971
1383.68652344	23.3687286377
1385.09960938	24.2661209106
1386.51257324	24.116689682
1387.92553711	24.3105716705
1389.33850098	25.0099258423
1390.75146484	25.3074703217
1392.16442871	25.132144928
1393.57739258	25.410861969
1394.99035645	25.2661190033
1396.40332031	25.2586956024
1397.81628418	25.9667854309
1399.22924805	25.9846992493
1400.64221191	26.1993980408
1402.05517578	26.2635307312
1403.46826172	26.2106552124
1404.88122559	26.2324542999
1406.29418945	26.112203598
1407.70715332	25.7192459106
1409.12011719	25.0841083527
1410.53308105	24.8135814667
1411.94604492	24.7208194733
1413.35900879	24.2421665192
1414.77197266	24.1292037964
1416.18493652	24.27435112
1417.59790039	24.1728229523
1419.01086426	23.9246253967
1420.4239502	24.0248298645
1421.83691406	23.5392799377
1423.24987793	23.2492256165
1424.6628418	22.6707572937
1426.07580566	21.9369049072
1427.48876953	21.3137512207
1428.9017334	20.7517929077
1430.31469727	20.1727275848
1431.72766113	19.4927215576
1433.140625	18.5918884277
1434.55358887	17.8012523651
1435.96655273	17.3213100433
1437.3795166	16.9767723083
1438.79260254	16.4451236725
1440.20556641	15.50395298
1441.61853027	14.8290176392
1443.03149414	14.4835929871
1444.44445801	14.1519136429
1445.85742188	13.7902565002
1447.27038574	13.4565925598
1448.68334961	13.0623178482
1450.09631348	13.1784296036
1451.50927734	12.9496459961
1452.92224121	12.9017314911
1454.33520508	12.5578784943
1455.74829102	12.5280056
1457.16125488	12.7311840057
1458.57421875	12.7795114517
1459.98718262	13.1435813904
1461.40014648	13.8510017395
1462.81311035	15.4125623703
1464.22607422	16.9182949066
1465.63903809	19.9578800201
1467.05200195	24.16588974
1468.46496582	29.4301185608
1469.87792969	35.3392868042
1471.29089355	41.5251197815
1472.70385742	47.7105789185
1474.11694336	53.4085044861
1475.52990723	58.1983451843
1476.94287109	61.3645744324
1478.35583496	63.8105812073
1479.76879883	65.8606948853
1481.1817627	66.8500976563
1482.59472656	68.0681381226
1484.00769043	69.4955062866
1485.4206543	70.798576355
1486.83361816	72.3139190674
1488.24658203	74.2963180542
1489.6595459	77.0151138306
1491.07263184	79.2032241821
1492.4855957	83.0708389282
1493.89855957	86.4905166626
1495.31152344	91.5167770386
1496.7244873	97.5838165283
1498.13745117	105.203147888
1499.55041504	114.884178162
1500.96337891	125.752494812
1502.37634277	136.878921509
1503.78930664	149.297058105
1505.20227051	163.628417969
1506.61523438	177.701889038
1508.02832031	192.562957764
1509.44128418	208.832275391
1510.85424805	223.343643188
1512.26721191	237.490402222
1513.68017578	250.310974121
1515.09313965	257.798278809
1516.50610352	259.264923096
1517.91906738	257.110839844
1519.33203125	250.586181641
1520.74499512	243.885955811
1522.15795898	235.073486328
1523.57092285	228.363449097
1524.98388672	224.417938232
1526.39697266	223.713668823
1527.80993652	223.953964233
1529.22290039	223.802307129
1530.63586426	224.451782227
1532.04882813	224.070480347
1533.46179199	219.917175293
1534.87475586	214.060638428
1536.28771973	208.597045898
1537.70068359	204.772232056
1539.11364746	200.501052856
1540.52661133	197.828231812
1541.9395752	195.468017578
1543.35266113	192.235565186
1544.765625	187.944152832
1546.17858887	181.29006958
1547.59155273	173.586349487
1549.0045166	166.061569214
1550.41748047	158.716781616
1551.83044434	151.782073975
1553.2434082	145.671600342
1554.65637207	140.749588013
1556.06933594	136.151977539
1557.4822998	131.817871094
1558.89526367	127.88734436
1560.30822754	124.031089783
1561.72131348	119.49307251
1563.13427734	112.323188782
1564.54724121	108.073669434
1565.96020508	102.544906616
1567.37316895	99.3103408813
1568.78613281	95.2750473022
1570.19909668	91.7567443848
1571.61206055	89.6442718506
1573.02502441	87.3899917603
1574.43798828	85.2523574829
1575.85095215	84.1894454956
1577.26391602	82.1102218628
1578.67700195	81.8467636108
1580.08996582	79.2155838013
1581.50292969	77.9459991455
1582.91589355	74.637588501
1584.32885742	71.2772216797
1585.74182129	67.6340789795
1587.15478516	64.2169952393
1588.56774902	61.5127563477
1589.98071289	59.4202423096
1591.39367676	57.5587539673
1592.80664063	56.0321731567
1594.21960449	55.6296386719
1595.63256836	54.4398269653
1597.0456543	53.7484359741
1598.45861816	53.5133743286
1599.87158203	54.2070198059
1601.2845459	55.3519859314
1602.69750977	56.4426116943
1604.11047363	58.2385139465
1605.5234375	60.8488693237
1606.93640137	63.6579208374
1608.34936523	66.4280090332
1609.7623291	68.8678894043
1611.17529297	71.4107971191
1612.58825684	73.8083877563
1614.00134277	75.5026550293
1615.41430664	75.5336990356
1616.82727051	75.7832946777
1618.24023438	75.5492172241
1619.65319824	74.5762176514
1621.06616211	73.3014373779
1622.47912598	72.7841644287
1623.89208984	73.0550918579
1625.30505371	72.6291046143
1626.71801758	71.8591156006
1628.13098145	69.0894622803
1629.54394531	66.9287567139
1630.95690918	63.6706771851
1632.36999512	63.0766296387
1633.78295898	60.570148468
1635.19592285	57.4577827454
1636.60888672	55.7108573914
1638.02185059	54.3051834106
1639.43481445	52.6664619446
1640.84777832	51.6825561523
1642.26074219	50.8195343018
1643.67370605	50.2422218323
1645.08666992	49.803855896
1646.49963379	50.3124923706
1647.91259766	50.0603599548
1649.32568359	50.369392395
1650.73864746	49.9313964844
1652.15161133	48.3969345093
1653.5645752	46.5611076355
1654.97753906	44.72681427
1656.39050293	42.7285957336
1657.8034668	41.1558799744
1659.21643066	40.7639923096
1660.62939453	40.3948097229
1662.0423584	40.3793067932
1663.45532227	41.1271438599
1664.86828613	42.1480331421
1666.28125	44.020488739
1667.69433594	46.165096283
1669.1072998	49.1687698364
1670.52026367	53.086353302
1671.93322754	56.7898635864
1673.34619141	59.9532051086
1674.75915527	63.3055229187
1676.17211914	66.992767334
1677.58508301	70.4714279175
1678.99804688	74.1527175903
1680.41101074	77.6037902832
1681.82397461	81.3952407837
1683.23693848	85.7365264893
1684.65002441	88.6203384399
1686.06298828	89.8834991455
1687.47595215	90.412902832
1688.88891602	89.7524414063
1690.30187988	89.3453903198
1691.71484375	89.2836456299
1693.12780762	89.4253616333
1694.54077148	91.1625061035
1695.95373535	92.4110488892
1697.36669922	94.3260116577
1698.77966309	96.9505691528
1700.19262695	101.077133179
1701.60571289	104.090309143
1703.01867676	107.438606262
1704.43164063	111.660972595
1705.84460449	116.713256836
1707.25756836	121.410293579
1708.67053223	126.234062195
1710.08349609	131.701553345
1711.49645996	136.626190186
1712.90942383	139.507888794
1714.3223877	139.982650757
1715.73535156	138.243865967
1717.14831543	134.575134277
1718.5612793	128.572845459
1719.97436523	125.9298172
1721.3873291	121.013793945
1722.80029297	114.504829407
1724.21325684	107.898849487
1725.6262207	103.022529602
1727.03918457	98.3580627441
1728.45214844	93.5884857178
1729.8651123	89.6129760742
1731.27807617	86.1234283447
1732.69104004	82.9903564453
1734.10400391	80.2228240967
1735.51696777	76.510269165
1736.93005371	74.9180603027
1738.34301758	73.8930358887
1739.75598145	71.9036254883
1741.16894531	69.7819900513
1742.58190918	68.883605957
1743.99487305	67.4748001099
1745.40783691	66.3931808472
1746.82080078	65.4228363037
1748.23376465	64.0103759766
1749.64672852	62.6478309631
1751.05969238	61.7935791016
1752.47265625	60.9573516846
1753.88562012	59.554359436
1755.29870605	59.0672607422
1756.71166992	58.6908874512
1758.12463379	57.4928817749
1759.53759766	57.154964447
1760.95056152	56.5201759338
1762.36352539	56.0527610779
1763.77648926	55.5956420898
1765.18945313	55.2059135437
1766.60241699	54.4593276978
1768.01538086	53.4801025391
1769.42834473	52.6249923706
1770.84130859	52.08253479
1772.25439453	51.962688446
1773.6673584	51.6456260681
1775.08032227	51.040096283
1776.49328613	50.5416030884
1777.90625	50.0288467407
1779.31921387	50.1621437073
1780.73217773	50.8655052185
1782.1451416	50.6083908081
1783.55810547	50.4950637817
1784.97106934	50.2752723694
1786.3840332	50.2187576294
1787.79699707	49.7948951721
1789.20996094	49.3937492371
1790.62304688	49.3408584595
1792.03601074	49.148601532
1793.44897461	49.1265869141
1794.86193848	49.2209625244
1796.27490234	48.7823944092
1797.68786621	48.2198219299
1799.10083008	48.3489723206
1800.51379395	48.8213500977
1801.92675781	48.793674469
1803.33972168	47.9150009155
1804.75268555	48.0899734497
1806.16564941	48.3616943359
1807.57873535	48.472618103
1808.99169922	48.0436096191
1810.40466309	47.3494377136
1811.81762695	47.0733947754
1813.23059082	47.276386261
1814.64355469	47.3693733215
1816.05651855	47.0062332153
1817.46948242	46.9896430969
1818.88244629	47.4162368774
1820.29541016	47.0756111145
1821.70837402	47.0912284851
1823.12133789	46.8669700623
1824.53430176	47.1426544189
1825.9473877	46.7656059265
1827.36035156	46.5679473877
1828.77331543	46.4570236206
1830.1862793	46.6779327393
1831.59924316	46.7391204834
1833.01220703	46.4112930298
1834.4251709	46.2317428589
1835.83813477	46.2000961304
1837.25109863	46.0985183716
1838.6640625	46.3509178162
1840.07702637	46.0242271423
1841.48999023	45.6286468506
1842.90307617	46.2304534912
1844.31604004	45.3691558838
1845.72900391	45.5464630127
1847.14196777	45.7080383301
1848.55493164	45.6164245605
1849.96789551	45.5916671753
1851.38085938	45.0445365906
1852.79382324	44.884601593
1854.20678711	44.6254310608
1855.61975098	44.8063316345
1857.03271484	44.9110183716
1858.44567871	44.8396987915
1859.85864258	45.190990448
1861.27172852	45.1992416382
1862.68469238	45.1370201111
1864.09765625	45.3276176453
1865.51062012	44.6295928955
1866.92358398	44.0567550659
1868.33654785	44.0330581665
1869.74951172	43.9937438965
1871.16247559	43.9842185974
1872.57543945	43.9903030396
1873.98840332	43.9619903564
1875.40136719	43.784614563
1876.81433105	43.3023719788
1878.22741699	43.2485809326
1879.64038086	42.946105957
1881.05334473	42.4764442444
1882.46630859	42.1704711914
1883.87927246	41.9362564087
1885.29223633	41.73853302
1886.7052002	41.1853942871
1888.11816406	40.6499633789
1889.53112793	41.3436470032
1890.9440918	41.0602416992
1892.35705566	40.2499046326
1893.77001953	40.9785652161
1895.1829834	40.5211830139
1896.59606934	40.9062156677
1898.0090332	40.6773796082
1899.42199707	40.6021385193
1900.83496094	40.9106292725
1902.2479248	40.0301475525
1903.66088867	40.002243042
1905.07385254	39.4730873108
1906.48681641	38.7523193359
1907.89978027	38.4203453064
1909.31274414	38.20520401
1910.72570801	37.8303718567
1912.13867188	37.2149810791
1913.55175781	37.1235542297
1914.96472168	36.9704284668
1916.37768555	36.4114189148
1917.79064941	35.4617538452
1919.20361328	35.2140464783
1920.61657715	33.9910163879
1922.02954102	32.7410697937
1923.44250488	32.5014076233
1924.85546875	30.8698444366
1926.26843262	30.4160747528
1927.68139648	29.1984958649
1929.09436035	28.1524162292
1930.50744629	26.6103649139
1931.92041016	25.0887355804
1933.33337402	23.3234863281
1934.74633789	21.4252281189
1936.15930176	19.5388278961
1937.57226563	17.5784015656
1938.98522949	15.4902029037
1940.39819336	13.4144411087
1941.81115723	11.8247814178
1943.22412109	10.2222995758
1944.63708496	9.15858459473
1946.05004883	8.00878620148
1947.4630127	7.21934270859
1948.87609863	6.48708868027
1950.2890625	6.12541723251
1951.70202637	5.74859046936
1953.11499023	5.33048725128
1954.5279541	5.42039823532
1955.94091797	5.42532014847
1957.35388184	5.22584962845
1958.7668457	5.21493530273
1960.17980957	5.02778148651
1961.59277344	4.82072305679
1963.0057373	4.76988220215
1964.41870117	4.70265817642
1965.83178711	4.75276327133
1967.24475098	4.71900939941
1968.65771484	4.45057582855
1970.07067871	4.42369031906
1971.48364258	4.45898103714
1972.89660645	4.26433849335
1974.30957031	4.25079441071
1975.72253418	4.42291116714
1977.13549805	4.45451211929
1978.54846191	4.28854656219
1979.96142578	4.40537309647
1981.37438965	4.31762886047
1982.78735352	4.33242797852
1984.20043945	4.30654621124
1985.61340332	4.29647445679
1987.02636719	4.15923213959
1988.43933105	4.138712883
1989.85229492	4.13823366165
1991.26525879	4.06236886978
1992.67822266	4.13933038712
1994.09118652	4.31579685211
1995.50415039	4.27656698227
1996.91711426	4.20677232742
1998.33007813	4.25070238113
1999.74304199	4.17281961441
2001.15612793	4.10497665405
2002.5690918	4.17705726624
2003.98205566	4.16220426559
2005.39501953	4.20016145706
2006.8079834	4.02920150757
2008.22094727	3.97033619881
2009.63391113	4.11483669281
2011.046875	4.05027914047
2012.45983887	3.99758791924
2013.87280273	4.12999010086
2015.2857666	4.03400182724
2016.69873047	4.10839128494
2018.11169434	4.03241539001
2019.52478027	3.96977519989
2020.93774414	4.017765522
2022.35070801	3.96874380112
2023.76367188	4.01067781448
2025.17663574	4.08879137039
2026.58959961	4.00119972229
2028.00256348	4.07071685791
2029.41552734	4.14995622635
2030.82849121	4.01108932495
2032.24145508	3.91331148148
2033.65441895	4.01766777039
2035.06738281	4.09884405136
2036.48046875	4.04625749588
2037.89343262	3.98889088631
2039.30639648	3.96866607666
2040.71936035	4.00708627701
2042.13232422	4.06086874008
2043.54528809	3.90137076378
2044.95825195	3.99830794334
2046.37121582	3.98607897758
2047.78417969	3.9715590477
2049.19726563	4.05547904968
2050.61010742	4.02841520309
2052.02319336	4.02267074585
2053.43603516	3.93778753281
2054.84912109	3.99724721909
2056.26196289	4.01536798477
2057.67504883	4.00926685333
2059.08789063	4.00432825089
2060.50097656	4.04458856583
2061.91381836	4.07982110977
2063.3269043	3.96515893936
2064.73999023	4.05661296844
2066.15283203	4.15967082977
2067.56591797	4.09340333939
2068.97875977	3.96795797348
2070.3918457	4.07660531998
2071.8046875	4.11574840546
2073.21777344	3.99758028984
2074.63061523	3.94980025291
2076.04370117	4.03813791275
2077.45654297	4.08738136292
2078.86962891	4.00864315033
2080.28271484	3.98935198784
2081.69555664	4.04122829437
2083.10864258	4.06781816483
2084.52148438	3.92319893837
2085.93457031	3.9365260601
2087.34741211	4.0798034668
2088.76049805	4.08615016937
2090.17333984	3.96980166435
2091.58642578	4.10751867294
2092.99926758	3.88463044167
2094.41235352	3.94253253937
2095.82519531	3.81492996216
2097.23828125	3.93270540237
2098.65136719	3.98965930939
2100.06420898	3.89803099632
2101.47729492	3.98239374161
2102.89013672	3.99898719788
2104.30322266	4.0597410202
2105.71606445	3.86199641228
2107.12915039	3.78363084793
2108.54199219	3.87058782578
2109.95507813	3.87812590599
2111.36791992	3.83819460869
2112.78100586	3.72531175613
2114.19384766	3.73616480827
2115.60693359	3.88145422935
2117.02001953	3.84237313271
2118.43286133	3.72533679008
2119.84594727	3.66896247864
2121.25878906	3.67350459099
2122.671875	3.73458218575
2124.0847168	3.73782467842
2125.49780273	3.67696046829
2126.91064453	3.67284059525
2128.32373047	3.62557721138
2129.73657227	3.67148303986
2131.1496582	3.90217065811
2132.5625	3.81099700928
2133.97558594	3.80947041512
2135.38867188	3.74906539917
2136.80151367	3.83548951149
2138.21459961	3.67485070229
2139.62744141	3.69480729103
2141.04052734	3.70618391037
2142.45336914	3.69009876251
2143.86645508	3.67625808716
2145.27929688	3.80114221573
2146.69238281	3.6988158226
2148.10522461	3.74474692345
2149.51831055	3.73314094543
2150.93139648	3.72500085831
2152.34423828	3.67610478401
2153.75732422	3.62276124954
2155.17016602	3.74460434914
2156.58325195	3.62145161629
2157.99609375	3.59352636337
2159.40917969	3.68550539017
2160.82202148	3.62569069862
2162.23510742	3.6707201004
2163.64794922	3.76641058922
2165.06103516	3.74146962166
2166.47387695	3.65268349648
2167.88696289	3.66903591156
2169.30004883	3.87487244606
2170.71289063	3.85116529465
2172.12597656	3.7431037426
2173.53881836	3.70958065987
2174.9519043	3.80621862411
2176.36474609	3.78477120399
2177.77783203	3.75690317154
2179.19067383	3.6814956665
2180.60375977	3.69119215012
2182.01660156	3.73200416565
2183.4296875	3.67079949379
2184.8425293	3.63518261909
2186.25561523	3.71423768997
2187.66870117	3.72353887558
2189.08154297	3.67139220238
2190.49462891	3.71996188164
2191.9074707	3.76223111153
2193.32055664	3.73076343536
2194.73339844	3.58056879044
2196.14648438	3.53052210808
2197.55932617	3.62256526947
2198.97241211	3.64188241959
2200.38525391	3.63269019127
2201.79833984	3.61705636978
2203.21142578	3.52908968925
2204.62426758	3.54591751099
2206.03735352	3.63657307625
2207.45019531	3.57201433182
2208.86328125	3.57810044289
2210.27612305	3.72174739838
2211.68920898	3.6130065918
2213.10205078	3.57483553886
2214.51513672	3.64144706726
2215.92797852	3.55318212509
2217.34106445	3.60866189003
2218.75390625	3.62159132957
2220.16699219	3.43446731567
2221.58007813	3.58017659187
2222.99291992	3.63168525696
2224.40600586	3.48911428452
2225.81884766	3.602861166
2227.23193359	3.67990660667
2228.64477539	3.73252344131
2230.05786133	3.64562058449
2231.47070313	3.61712861061
2232.88378906	3.62476181984
2234.29663086	3.64445304871
2235.7097168	3.62953996658
2237.12255859	3.72642612457
2238.53564453	3.86400175095
2239.94873047	3.78734612465
2241.36157227	3.52837181091
2242.7746582	3.64781117439
2244.1875	3.72505688667
2245.60058594	3.63962221146
2247.01342773	3.71342372894
2248.42651367	3.70451021194
2249.83935547	3.5573952198
2251.25244141	3.86424183846
2252.6652832	3.76783180237
2254.07836914	3.60541272163
2255.49121094	3.70044112206
2256.90429688	3.81435775757
2258.31738281	3.90132284164
2259.73022461	3.84759259224
2261.14331055	3.75589060783
2262.55615234	3.7395427227
2263.96923828	3.74780273438
2265.38208008	3.82884693146
2266.79516602	3.73241877556
2268.20800781	3.86710453033
2269.62109375	4.00869274139
2271.03393555	3.99060916901
2272.44702148	3.89579296112
2273.86010742	3.98989439011
2275.27294922	3.91225481033
2276.68603516	3.92055296898
2278.09887695	4.02660894394
2279.51196289	4.02700519562
2280.92480469	4.00295639038
2282.33789063	4.10878515244
2283.75073242	4.29153156281
2285.16381836	4.13527774811
2286.57666016	4.2791223526
2287.98974609	4.30373001099
2289.40258789	4.38227939606
2290.81567383	4.53408670425
2292.22875977	4.5020942688
2293.64160156	4.37779760361
2295.0546875	4.39395999908
2296.4675293	4.45991420746
2297.88061523	4.5213394165
2299.29345703	4.59398794174
2300.70654297	4.5087647438
2302.11938477	4.51476669312
2303.5324707	4.69136762619
2304.9453125	4.73763608932
2306.35839844	4.64539766312
2307.77124023	4.53535747528
2309.18432617	4.52364730835
2310.59741211	4.44211006165
2312.01025391	4.42724752426
2313.42333984	4.55242013931
2314.83618164	4.5206785202
2316.24926758	4.53716993332
2317.66210938	4.65473270416
2319.07519531	4.53132867813
2320.48803711	4.34285020828
2321.90112305	4.37972831726
2323.31396484	4.53841733932
2324.72705078	4.70485067368
2326.13989258	4.88022565842
2327.55297852	4.95786619186
2328.96606445	5.07932758331
2330.37890625	5.2197432518
2331.79199219	5.16259241104
2333.20483398	5.20143270493
2334.61791992	5.04705095291
2336.03076172	4.69961500168
2337.44384766	4.68598842621
2338.85668945	4.52593421936
2340.26977539	4.37458753586
2341.68261719	4.29164075851
2343.09570313	4.14446878433
2344.50878906	3.96486902237
2345.92163086	3.97229027748
2347.3347168	3.91634368896
2348.74755859	3.80330944061
2350.16064453	3.92295050621
2351.57348633	3.92105484009
2352.98657227	3.86453962326
2354.39941406	3.93539857864
2355.8125	3.92717146873
2357.2253418	3.90482568741
2358.63842773	3.95923233032
2360.05126953	3.93172836304
2361.46435547	3.90582942963
2362.87744141	4.04707956314
2364.2902832	3.9996201992
2365.70336914	3.87930440903
2367.11621094	3.91676068306
2368.52929688	4.01365947723
2369.94213867	3.95684146881
2371.35522461	3.92678642273
2372.76806641	4.04394102097
2374.18115234	4.07210826874
2375.59399414	4.16045665741
2377.00708008	4.17667388916
2378.41992188	4.25249195099
2379.83300781	4.2218003273
2381.24609375	4.2581448555
2382.65893555	4.31847715378
2384.07202148	4.29941987991
2385.48486328	4.34183073044
2386.89794922	4.41306018829
2388.31079102	4.385389328
2389.72387695	4.54001379013
2391.13671875	4.55107212067
2392.54980469	4.51147079468
2393.96264648	4.61222887039
2395.37573242	4.51749706268
2396.78857422	4.53029298782
2398.20166016	4.50960683823
2399.61474609	4.55550861359
2401.02758789	4.54952478409
2402.44067383	4.57904338837
2403.85351563	4.57474088669
2405.26660156	4.36443138123
2406.67944336	4.50077342987
2408.0925293	4.47245883942
2409.50537109	4.5154094696
2410.91845703	4.52276039124
2412.33129883	4.44813632965
2413.74438477	4.51215314865
2415.1574707	4.43627119064
2416.5703125	4.32554006577
2417.98339844	4.42058610916
2419.39624023	4.43360757828
2420.80932617	4.28612661362
2422.22216797	4.3718957901
2423.63525391	4.27709293365
2425.0480957	4.37729644775
2426.46118164	4.46911382675
2427.87402344	4.3528175354
2429.28710938	4.1958398819
2430.69995117	4.35845136642
2432.11303711	4.23056268692
2433.52612305	4.28478097916
2434.93896484	4.27046537399
2436.35205078	4.16428470612
2437.76489258	4.24324369431
2439.17797852	4.09895563126
2440.59082031	4.1462635994
2442.00390625	4.20782518387
2443.41674805	4.13446044922
2444.82983398	4.23378038406
2446.24267578	4.27278089523
2447.65576172	4.25030374527
2449.06860352	4.14298200607
2450.48168945	4.02265739441
2451.89477539	4.13773155212
2453.30761719	4.27627277374
2454.72070313	4.17049598694
2456.13354492	4.08372354507
2457.54663086	4.10795211792
2458.95947266	4.06303930283
2460.37255859	4.2680516243
2461.78540039	4.33087110519
2463.19848633	4.18947076797
2464.61132813	4.24191999435
2466.02441406	4.30389261246
2467.4375	4.19582891464
2468.8503418	4.24299812317
2470.26342773	4.25566291809
2471.67626953	4.24364185333
2473.08935547	4.26045465469
2474.50219727	4.22766160965
2475.9152832	4.22364902496
2477.328125	4.25081300735
2478.74121094	4.25384616852
2480.15405273	4.2080950737
2481.56713867	4.23004865646
2482.97998047	4.28429031372
2484.39306641	4.1030664444
2485.80615234	4.12322616577
2487.21899414	4.20761823654
2488.63208008	4.18648338318
2490.04492188	4.13834571838
2491.45800781	4.22513008118
2492.87084961	4.18718099594
2494.28393555	4.15085124969
2495.69677734	4.12475967407
2497.10986328	4.14213418961
2498.52270508	4.12585639954
2499.93579102	3.86585021019
2501.34863281	4.01640129089
2502.76171875	4.07418441772
2504.17480469	4.03959035873
2505.58764648	4.18457365036
2507.00073242	4.01142072678
2508.41357422	4.03301095963
2509.82666016	4.13646650314
2511.23950195	4.12962627411
2512.65258789	4.0858745575
2514.06542969	3.98802351952
2515.47851563	4.01485967636
2516.89135742	4.11682271957
2518.30444336	4.15898084641
2519.71728516	3.99595189095
2521.13037109	3.95058631897
2522.54345703	4.02767324448
2523.95629883	3.97182941437
2525.36938477	3.9483320713
2526.78222656	3.91216158867
2528.1953125	3.95889782906
2529.6081543	4.05627965927
2531.02124023	3.92517161369
2532.43408203	3.91692638397
2533.84716797	3.991533041
2535.26000977	3.98782920837
2536.6730957	3.92813563347
2538.08618164	3.85279393196
2539.49902344	3.86221218109
2540.91210938	3.87706112862
2542.32495117	3.9150519371
2543.73803711	3.92002034187
2545.15087891	3.93536996841
2546.56396484	3.94754528999
2547.97680664	3.95569348335
2549.38989258	3.99489498138
2550.80273438	3.82664084435
2552.21582031	3.89205002785
2553.62866211	3.93439817429
2555.04174805	3.96548438072
2556.45483398	3.94638490677
2557.86767578	3.91745281219
2559.28076172	4.0041885376
2560.69360352	3.95324778557
2562.10668945	3.95718812943
2563.51953125	3.99515128136
2564.93261719	3.94666004181
2566.34545898	3.95373392105
2567.75854492	3.95002293587
2569.17138672	3.89750242233
2570.58447266	3.80928134918
2571.99731445	3.8139295578
2573.41040039	3.83958554268
2574.82348633	3.91606926918
2576.23632813	3.99085593224
2577.64941406	3.98912835121
2579.06225586	3.99587488174
2580.4753418	3.96744132042
2581.88818359	3.92011022568
2583.30126953	3.89193820953
2584.71411133	3.8832552433
2586.12719727	3.84799098969
2587.54003906	3.93705868721
2588.953125	3.96117758751
2590.3659668	3.8692817688
2591.77905273	3.92551851273
2593.19213867	4.02473974228
2594.60498047	4.01308441162
2596.01806641	3.97374987602
2597.4309082	3.97253060341
2598.84399414	4.005443573
2600.25683594	3.98243331909
2601.66992188	3.86282348633
2603.08276367	3.97059106827
2604.49584961	3.98072385788
2605.90869141	3.88333821297
2607.32177734	3.89757561684
2608.73486328	3.9640147686
2610.14770508	3.82281160355
2611.56079102	3.93655586243
2612.97363281	3.96536946297
2614.38671875	3.87920975685
2615.79956055	3.96608614922
2617.21264648	3.97638511658
2618.62548828	3.90247654915
2620.03857422	3.88528299332
2621.45141602	3.99285435677
2622.86450195	3.9770553112
2624.27734375	3.95662713051
2625.69042969	3.87033653259
2627.10351563	3.93436598778
2628.51635742	3.9675154686
2629.92944336	4.00513124466
2631.34228516	3.95199751854
2632.75537109	3.90759396553
2634.16821289	3.98114919662
2635.58129883	3.95444345474
2636.99414063	3.89881920815
2638.40722656	3.89777803421
2639.82006836	3.87986779213
2641.2331543	4.00729942322
2642.64599609	3.94602155685
2644.05908203	4.0511507988
2645.47216797	3.68849277496
2646.88500977	3.81924104691
2648.2980957	3.93676018715
2649.7109375	3.97335076332
2651.12402344	4.01161718369
2652.53686523	3.95440292358
2653.94995117	4.12980651855
2655.36279297	4.11266374588
2656.77587891	4.09207057953
2658.1887207	3.96534514427
2659.60180664	4.00939702988
2661.01489258	4.09589719772
2662.42773438	4.12507581711
2663.84082031	4.03662204742
2665.25366211	4.08234357834
2666.66674805	4.15839242935
2668.07958984	4.14640522003
2669.49267578	4.04843616486
2670.90551758	4.18948554993
2672.31860352	4.35244607925
2673.73144531	4.24502420425
2675.14453125	4.26685571671
2676.55737305	4.34261703491
2677.97045898	4.28323364258
2679.38354492	4.41147756577
2680.79638672	4.35785961151
2682.20947266	4.57130479813
2683.62231445	4.50556993484
2685.03540039	4.59105157852
2686.44824219	4.6792755127
2687.86132813	4.90950870514
2689.27416992	4.89622354507
2690.68725586	4.93286037445
2692.10009766	5.03748941422
2693.51318359	5.2497625351
2694.92602539	5.44452762604
2696.33911133	5.55438280106
2697.75219727	5.63707542419
2699.16503906	5.75222206116
2700.578125	6.0252904892
2701.9909668	6.07528305054
2703.40405273	6.20000076294
2704.81689453	6.54320383072
2706.22998047	6.44903373718
2707.64282227	6.55223655701
2709.0559082	6.71127939224
2710.46875	6.81216573715
2711.88183594	6.87600946426
2713.29467773	7.02022361755
2714.70776367	7.10909700394
2716.12084961	7.08192920685
2717.53369141	6.9154214859
2718.94677734	7.03632068634
2720.35961914	6.92475795746
2721.77270508	6.81641435623
2723.18554688	6.7666053772
2724.59863281	6.62734365463
2726.01147461	6.43703556061
2727.42456055	6.49188280106
2728.83740234	6.43014526367
2730.25048828	6.22365999222
2731.66357422	5.92860555649
2733.07641602	5.79957580566
2734.48950195	5.68456315994
2735.90234375	5.72469425201
2737.31542969	5.40765190125
2738.72827148	5.43473672867
2740.14135742	5.21277046204
2741.55419922	5.12713479996
2742.96728516	5.16084241867
2744.38012695	5.01157045364
2745.79321289	4.81373310089
2747.20605469	4.76817178726
2748.61914063	4.77946043015
2750.03222656	4.66743135452
2751.44506836	4.67109251022
2752.8581543	4.58068990707
2754.27099609	4.57393169403
2755.68408203	4.46419525146
2757.09692383	4.52248001099
2758.51000977	4.48403501511
2759.92285156	4.34888792038
2761.3359375	4.48120737076
2762.7487793	4.4844417572
2764.16186523	4.34236621857
2765.57470703	4.36222600937
2766.98779297	4.33682775497
2768.40087891	4.15224647522
2769.8137207	4.26564598083
2771.22680664	4.21275615692
2772.63964844	4.17293453217
2774.05273438	4.21735858917
2775.46557617	4.259786129
2776.87866211	4.17682361603
2778.29150391	4.08056974411
2779.70458984	4.13803863525
2781.11743164	4.20537376404
2782.53051758	4.16637563705
2783.94335938	4.19553184509
2785.35644531	4.25681686401
2786.76953125	4.20991134644
2788.18237305	4.02088022232
2789.59545898	4.08190870285
2791.00830078	4.14679765701
2792.42138672	4.14391422272
2793.83422852	4.01090955734
2795.24731445	4.06081438065
2796.66015625	4.06512784958
2798.07324219	4.0866651535
2799.48608398	4.2191286087
2800.89916992	4.08392381668
2802.31225586	4.10317850113
2803.72509766	3.98696541786
2805.13818359	4.00528287888
2806.55102539	4.05547618866
2807.96411133	3.95210051537
2809.37695313	4.04769802094
2810.79003906	4.04622077942
2812.20288086	4.07431697845
2813.6159668	4.18381357193
2815.02880859	4.13277339935
2816.44189453	4.15904331207
2817.85473633	4.18472480774
2819.26782227	4.15710067749
2820.6809082	4.09446144104
2822.09375	4.31729269028
2823.50683594	4.19621944427
2824.91967773	3.99545097351
2826.33276367	3.91768693924
2827.74560547	4.00695848465
2829.15869141	4.0780582428
2830.5715332	4.01321125031
2831.98461914	4.00558185577
2833.39746094	4.04709243774
2834.81054688	4.08974933624
2836.22338867	4.08667135239
2837.63647461	4.1969461441
2839.04956055	4.14567232132
2840.46240234	4.0585641861
2841.87548828	4.0094037056
2843.28833008	3.99359369278
2844.70141602	3.99437832832
2846.11425781	4.12653779984
2847.52734375	4.07926893234
2848.94018555	4.07558870316
2850.35327148	4.09276580811
2851.76611328	4.08747911453
2853.17919922	4.22678613663
2854.59228516	4.14123439789
2856.00512695	4.0216255188
2857.41821289	4.07735538483
2858.83105469	4.04799509048
2860.24414063	3.94696736336
2861.65698242	3.95562148094
2863.07006836	4.16415786743
2864.48291016	4.04070806503
2865.89599609	4.05070161819
2867.30883789	4.00381135941
2868.72192383	4.15456390381
2870.13476563	4.12076234818
2871.54785156	4.06757211685
2872.9609375	4.13966178894
2874.3737793	4.12837505341
2875.78686523	4.03403663635
2877.19970703	4.05785799026
2878.61279297	4.17437171936
2880.02563477	4.19995880127
2881.4387207	4.16903877258
2882.8515625	3.92221498489
2884.26464844	4.14364051819
2885.67749023	4.24729537964
2887.09057617	4.11975002289
2888.50341797	4.06297206879
2889.91650391	4.1134519577
2891.32958984	4.04661512375
2892.74243164	4.07404088974
2894.15551758	4.15216302872
2895.56835938	4.28531646729
2896.98144531	4.18552207947
2898.39428711	4.10143041611
2899.80737305	4.07830190659
2901.22021484	4.33098459244
2902.63330078	4.22791814804
2904.04614258	4.14521551132
2905.45922852	4.23662948608
2906.87207031	4.28672742844
2908.28515625	4.28865003586
2909.69824219	4.31883096695
2911.11108398	4.176612854
2912.52416992	4.18140745163
2913.93701172	4.25878763199
2915.35009766	4.32767534256
2916.76293945	4.28330612183
2918.17602539	4.33448696136
2919.58886719	4.22313785553
2921.00195313	4.07584142685
2922.41479492	4.29248905182
2923.82788086	4.14255523682
2925.2409668	4.19747400284
2926.65380859	4.31797933578
2928.06689453	4.23058605194
2929.47973633	4.19781017303
2930.89282227	4.21241617203
2932.30566406	4.21538162231
2933.71875	4.33598136902
2935.1315918	4.39755821228
2936.54467773	4.21791744232
2937.95751953	4.25597476959
2939.37060547	4.10772609711
2940.78344727	4.26192426682
2942.1965332	4.13561820984
2943.60961914	4.12210130692
2945.02246094	4.17106103897
2946.43554688	4.22446537018
2947.84838867	4.25461149216
2949.26147461	4.29371213913
2950.67431641	4.34311151505
2952.08740234	4.20332527161
2953.50024414	4.19350814819
2954.91333008	4.14118099213
2956.32617188	4.12576389313
2957.73925781	4.32993364334
2959.15209961	4.29215049744
2960.56518555	4.35124921799
2961.97827148	4.26771640778
2963.39111328	4.30446004868
2964.80419922	4.33504056931
2966.21704102	4.33708238602
2967.63012695	4.30609464645
2969.04296875	4.15481567383
2970.45605469	4.30475282669
2971.86889648	4.24657201767
2973.28198242	4.24213027954
2974.69482422	4.15911388397
2976.10791016	4.39340019226
2977.52075195	4.2171831131
2978.93383789	4.29151773453
2980.34692383	4.30759572983
2981.75976563	4.29194545746
2983.17285156	4.40242099762
2984.58569336	4.50736761093
2985.9987793	4.40531206131
2987.41162109	4.26656866074
2988.82470703	4.05370950699
2990.23754883	4.20039319992
2991.65063477	4.47117042542
2993.06347656	4.38335132599
2994.4765625	4.21315956116
2995.88964844	4.26765775681
2997.30249023	4.36175918579
2998.71557617	4.38477373123
3000.12841797	4.25856733322
3001.54150391	4.3503780365
3002.9543457	4.25468444824
3004.36743164	4.33806419373
3005.78027344	4.28912258148
3007.19335938	4.27128553391
3008.60620117	4.34561920166
3010.01928711	4.16487932205
3011.43212891	4.25895118713
3012.84521484	4.15611457825
3014.25830078	4.22369718552
3015.67114258	4.32793426514
3017.08422852	4.37363576889
3018.49707031	4.24477720261
3019.91015625	4.33358621597
3021.32299805	4.42871427536
3022.73608398	4.27998781204
3024.14892578	4.41375780106
3025.56201172	4.31013631821
3026.97485352	4.31802082062
3028.38793945	4.41459512711
3029.80078125	4.35808801651
3031.21386719	4.31486415863
3032.62695313	4.34846687317
3034.03979492	4.20270252228
3035.45288086	4.14363670349
3036.86572266	4.2527718544
3038.27880859	4.29777765274
3039.69165039	4.22408819199
3041.10473633	4.34651422501
3042.51757813	4.24369430542
3043.93066406	4.34205389023
3045.34350586	4.40522480011
3046.7565918	4.28638601303
3048.16967773	4.24188899994
3049.58251953	4.35948753357
3050.99560547	4.41328334808
3052.40844727	4.29750204086
3053.8215332	4.35098695755
3055.234375	4.42565774918
3056.64746094	4.26779079437
3058.06030273	4.32775020599
3059.47338867	4.30492639542
3060.88623047	4.37281417847
3062.29931641	4.45226621628
3063.7121582	4.54697084427
3065.12524414	4.3618850708
3066.53833008	4.28758955002
3067.95117188	4.3961596489
3069.36425781	4.17772197723
3070.77709961	4.2531709671
3072.19018555	4.42611694336
3073.60302734	4.37283706665
3075.01611328	4.37916517258
3076.42895508	4.45769739151
3077.84204102	4.42848730087
3079.25488281	4.54719591141
3080.66796875	4.41851902008
3082.08081055	4.35914182663
3083.49389648	4.38675260544
3084.90698242	4.45618867874
3086.31982422	4.4170498848
3087.73291016	4.44151258469
3089.14575195	4.41321182251
3090.55883789	4.43767213821
3091.97167969	4.40596961975
3093.38476563	4.48480653763
3094.79760742	4.29772615433
3096.21069336	4.42614603043
3097.62353516	4.3998041153
3099.03662109	4.61780738831
3100.44946289	4.48032093048
3101.86254883	4.39938735962
3103.27563477	4.44368982315
3104.68847656	4.41538381577
3106.1015625	4.29762411118
3107.5144043	4.34630298615
3108.92749023	4.43011760712
3110.34033203	4.25824832916
3111.75341797	4.42115068436
3113.16625977	4.39325046539
3114.5793457	4.32878398895
3115.9921875	4.36819076538
3117.40527344	4.51258993149
3118.81835938	4.4536075592
3120.23120117	4.48067760468
3121.64428711	4.5006608963
3123.05712891	4.56587600708
3124.47021484	4.5845246315
3125.88305664	4.66224956512
3127.29614258	4.61315584183
3128.70898438	4.52302837372
3130.12207031	4.54336833954
3131.53491211	4.60199594498
3132.94799805	4.59833812714
3134.36083984	4.74545717239
3135.77392578	4.62102174759
3137.18701172	4.67335939407
3138.59985352	4.57356405258
3140.01293945	4.4684920311
3141.42578125	4.52891492844
3142.83886719	4.59685993195
3144.25170898	4.55748844147
3145.66479492	4.60629892349
3147.07763672	4.542324543
3148.49072266	4.47945308685
3149.90356445	4.57735681534
3151.31665039	4.65043497086
3152.72949219	4.60681581497
3154.14257813	4.78292369843
3155.55566406	4.69612264633
3156.96850586	4.73813390732
3158.3815918	4.7092628479
3159.79443359	4.55353689194
3161.20751953	4.62364530563
3162.62036133	4.82296276093
3164.03344727	4.58408260345
3165.44628906	4.48502349854
3166.859375	4.54233455658
3168.2722168	4.56148004532
3169.68530273	4.4750213623
3171.09814453	4.59822463989
3172.51123047	4.55276918411
3173.92431641	4.60076761246
3175.3371582	4.64640712738
3176.75024414	4.74806404114
3178.16308594	4.64954328537
3179.57617188	4.74207353592
3180.98901367	4.64493656158
3182.40209961	4.60668230057
3183.81494141	4.62042045593
3185.22802734	4.69630813599
3186.64086914	4.60924291611
3188.05395508	4.6622376442
3189.46704102	4.5906867981
3190.87988281	4.6091375351
3192.29296875	4.44945573807
3193.70581055	4.54246902466
3195.11889648	4.65819358826
3196.53173828	4.6160068512
3197.94482422	4.69801044464
3199.35766602	4.7091588974
3200.77075195	4.50594186783
3202.18359375	4.59538507462
3203.59667969	4.71557664871
3205.00952148	4.58746528625
3206.42260742	4.71075201035
3207.83569336	4.67345285416
3209.24853516	4.61854696274
3210.66162109	4.58007669449
3212.07446289	4.63973093033
3213.48754883	4.71515321732
3214.90039063	4.57000780106
3216.31347656	4.65679788589
3217.72631836	4.67738246918
3219.1394043	4.65897035599
3220.55224609	4.59946393967
3221.96533203	4.56107616425
3223.37817383	4.64353084564
3224.79125977	4.44800376892
3226.2043457	4.41187477112
3227.6171875	4.53330945969
3229.03027344	4.58592987061
3230.44311523	4.69127511978
3231.85620117	4.53798627853
3233.26904297	4.51227712631
3234.68212891	4.69657039642
3236.0949707	4.87496757507
3237.50805664	4.61785030365
3238.92089844	4.64739608765
3240.33398438	4.78782558441
3241.74707031	4.73630046844
3243.15991211	4.74395656586
3244.57299805	4.7536482811
3245.98583984	4.79854154587
3247.39892578	4.68116807938
3248.81176758	4.6540722847
3250.22485352	4.71545934677
3251.63769531	4.75358104706
3253.05078125	4.9332036972
3254.46362305	4.9631857872
3255.87670898	4.99896192551
3257.28955078	5.00224733353
3258.70263672	4.8937921524
3260.11572266	4.78318977356
3261.52856445	5.00714921951
3262.94165039	5.0019659996
3264.35449219	4.99040031433
3265.76757813	4.96111488342
3267.18041992	4.89995098114
3268.59350586	4.91750621796
3270.00634766	4.84104776382
3271.41943359	5.11062002182
3272.83227539	5.0206451416
3274.24536133	4.97479200363
3275.65820313	4.83865690231
3277.07128906	4.91899299622
3278.484375	4.91997671127
3279.8972168	4.76068210602
3281.31030273	4.71986055374
3282.72314453	4.92483901978
3284.13623047	4.97055053711
3285.54907227	4.84667062759
3286.9621582	4.7856965065
3288.375	4.98590612411
3289.78808594	4.82335472107
3291.20092773	4.92184209824
3292.61401367	4.77362346649
3294.02685547	4.59381484985
3295.43994141	4.78660535812
3296.85302734	4.80550384521
3298.26586914	4.82511425018
3299.67895508	4.75920343399
3301.09179688	4.76641893387
3302.50488281	4.863322258
3303.91772461	4.94713115692
3305.33081055	4.85974979401
3306.74365234	4.88175487518
3308.15673828	4.88364076614
3309.56958008	4.92367744446
3310.98266602	5.01623058319
3312.39575195	4.86949872971
3313.80859375	4.98884296417
3315.22167969	5.07669210434
3316.63452148	4.78104162216
3318.04760742	4.91815185547
3319.46044922	5.04480218887
3320.87353516	4.9649553299
3322.28637695	4.83675861359
3323.69946289	5.1037979126
3325.11230469	4.97872400284
3326.52539063	4.91470479965
3327.93823242	4.99535131454
3329.35131836	5.04675292969
3330.7644043	4.78888940811
3332.17724609	4.97482156754
3333.59033203	4.86483383179
3335.00317383	4.9266295433
3336.41625977	4.99186992645
3337.82910156	5.08109807968
3339.2421875	5.16150522232
3340.6550293	5.0194811821
3342.06811523	4.84703063965
3343.48095703	4.60968017578
3344.89404297	4.84534740448
3346.30688477	4.94521379471
3347.7199707	4.99480867386
3349.13305664	4.90289783478
3350.54589844	4.72025585175
3351.95898438	4.79795980453
3353.37182617	5.04567623138
3354.78491211	4.78419399261
3356.19775391	4.84267950058
3357.61083984	4.97319841385
3359.02368164	4.93867588043
3360.43676758	4.95359563828
3361.84960938	5.0540137291
3363.26269531	4.80909156799
3364.67553711	4.8147649765
3366.08862305	4.80089998245
3367.50170898	4.86222457886
3368.91455078	4.97588205338
3370.32763672	4.92088127136
3371.74047852	4.89950561523
3373.15356445	4.94278287888
3374.56640625	4.86725664139
3375.97949219	4.86732959747
3377.39233398	4.84760665894
3378.80541992	4.8410987854
3380.21826172	4.86854696274
3381.63134766	4.75147247314
3383.04443359	4.97489738464
3384.45727539	4.85824489594
3385.87036133	4.82074832916
3387.28320313	5.11470556259
3388.69628906	4.92232990265
3390.10913086	4.78274965286
3391.5222168	4.82080221176
3392.93505859	4.83755397797
3394.34814453	4.91892766953
3395.76098633	4.94883108139
3397.17407227	4.97521591187
3398.58691406	4.82992267609
3400	4.92125749588
