1200	630.735107422
1201.41296387	633.972290039
1202.82592773	628.727966309
1204.2388916	620.450195313
1205.65185547	584.692260742
1207.06481934	603.720825195
1208.4777832	592.844909668
1209.89086914	570.609558105
1211.30383301	560.004760742
1212.71679688	552.356262207
1214.12976074	541.607849121
1215.54272461	530.346069336
1216.95568848	519.844665527
1218.36865234	518.22869873
1219.78161621	505.611053467
1221.19458008	498.801513672
1222.60754395	495.857391357
1224.02050781	505.701904297
1225.43347168	504.305786133
1226.84655762	473.842254639
1228.25952148	480.657409668
1229.67248535	473.681671143
1231.08544922	479.595489502
1232.49841309	466.780151367
1233.91137695	468.843963623
1235.32434082	449.571105957
1236.73730469	422.987365723
1238.15026855	444.862640381
1239.56323242	448.116729736
1240.97619629	431.508758545
1242.38916016	421.373840332
1243.80212402	415.131591797
1245.21520996	420.67791748
1246.62817383	429.568115234
1248.0411377	433.730377197
1249.45410156	436.290008545
1250.86706543	441.461791992
1252.2800293	430.212127686
1253.69299316	415.674438477
1255.10595703	408.708709717
1256.5189209	405.992431641
1257.93188477	394.601470947
1259.34484863	377.684143066
1260.7578125	369.909942627
1262.17089844	359.046325684
1263.5838623	359.922668457
1264.99682617	351.209564209
1266.40979004	353.054534912
1267.82275391	350.10836792
1269.23571777	355.530548096
1270.64868164	365.854797363
1272.06164551	358.796417236
1273.47460938	349.740631104
1274.88757324	360.398712158
1276.30053711	368.371246338
1277.71350098	349.287872314
1279.12646484	344.636169434
1280.53955078	347.166442871
1281.95251465	356.9190979
1283.36547852	375.494659424
1284.77844238	360.561523438
1286.19140625	345.625579834
1287.60437012	362.680847168
1289.01733398	372.487579346
1290.43029785	370.201049805
1291.84326172	365.562866211
1293.25622559	376.236968994
1294.66918945	395.495788574
1296.08215332	383.596374512
1297.49523926	358.083526611
1298.90820313	377.421844482
1300.32116699	378.632446289
1301.73413086	378.690338135
1303.14709473	377.523406982
1304.56005859	371.365905762
1305.97302246	369.140045166
1307.38598633	377.669006348
1308.7989502	354.752258301
1310.21191406	349.466308594
1311.62487793	357.83770752
1313.0378418	340.827575684
1314.45092773	330.950622559
1315.8638916	333.728424072
1317.27685547	330.511627197
1318.68981934	319.280731201
1320.1027832	337.306396484
1321.51574707	357.46697998
1322.92871094	329.780639648
1324.3416748	296.231872559
1325.75463867	291.138336182
1327.16760254	297.697601318
1328.58056641	291.711212158
1329.99353027	279.190002441
1331.40649414	286.098175049
1332.81958008	292.447906494
1334.23254395	302.29486084
1335.64550781	298.179534912
1337.05847168	304.612457275
1338.47143555	305.780609131
1339.88439941	300.859466553
1341.29736328	291.143707275
1342.71032715	283.936279297
1344.12329102	297.146484375
1345.53625488	297.146484375
1346.94921875	283.768127441
1348.36218262	277.498413086
1349.77526855	272.124694824
1351.18823242	281.948028564
1352.60119629	287.8934021
1354.01416016	280.855224609
1355.42712402	279.575744629
1356.84008789	285.598846436
1358.25305176	281.299194336
1359.66601563	297.276855469
1361.07897949	286.645568848
1362.49194336	296.448974609
1363.90490723	292.70904541
1365.31787109	291.95324707
1366.73083496	310.313262939
1368.1439209	316.730682373
1369.55688477	319.376098633
1370.96984863	308.730377197
1372.3828125	320.740631104
1373.79577637	336.964355469
1375.20874023	343.286102295
1376.6217041	344.073669434
1378.03466797	341.404937744
1379.44763184	336.265441895
1380.8605957	339.578063965
1382.27355957	366.427062988
1383.68652344	357.542633057
1385.09960938	361.176757813
1386.51257324	393.145385742
1387.92553711	408.773376465
1389.33850098	413.589752197
1390.75146484	428.970550537
1392.16442871	445.361663818
1393.57739258	433.530517578
1394.99035645	421.569580078
1396.40332031	429.577331543
1397.81628418	437.719268799
1399.22924805	444.912139893
1400.64221191	433.339599609
1402.05517578	410.702362061
1403.46826172	399.587249756
1404.88122559	399.8671875
1406.29418945	392.713867188
1407.70715332	396.42956543
1409.12011719	410.555908203
1410.53308105	408.533874512
1411.94604492	402.745391846
1413.35900879	382.302490234
1414.77197266	366.199188232
1416.18493652	364.546783447
1417.59790039	368.349456787
1419.01086426	365.255065918
1420.4239502	359.110473633
1421.83691406	360.007751465
1423.24987793	361.792724609
1424.6628418	340.786743164
1426.07580566	345.403564453
1427.48876953	339.181549072
1428.9017334	320.250610352
1430.31469727	311.338592529
1431.72766113	309.372497559
1433.140625	288.652740479
1434.55358887	297.142730713
1435.96655273	299.82723999
1437.3795166	289.24899292
1438.79260254	275.337158203
1440.20556641	261.691680908
1441.61853027	264.490814209
1443.03149414	262.565490723
1444.44445801	246.648162842
1445.85742188	240.106933594
1447.27038574	236.455566406
1448.68334961	239.144042969
1450.09631348	238.25100708
1451.50927734	243.568008423
1452.92224121	226.540161133
1454.33520508	230.413955688
1455.74829102	237.222244263
1457.16125488	223.816116333
1458.57421875	210.354980469
1459.98718262	227.378829956
1461.40014648	241.965927124
1462.81311035	228.501434326
1464.22607422	246.277252197
1465.63903809	309.944366455
1467.05200195	390.961242676
1468.46496582	487.177825928
1469.87792969	625.187744141
1471.29089355	786.833557129
1472.70385742	940.281555176
1474.11694336	1105.25341797
1475.52990723	1236.07983398
1476.94287109	1346.67504883
1478.35583496	1360.63024902
1479.76879883	1320.26574707
1481.1817627	1324.25537109
1482.59472656	1309.01171875
1484.00769043	1281.01513672
1485.4206543	1280.08239746
1486.83361816	1299.31433105
1488.24658203	1318.40087891
1489.6595459	1356.9263916
1491.07263184	1391.91662598
1492.4855957	1411.91357422
1493.89855957	1483.20959473
1495.31152344	1538.50073242
1496.7244873	1594.51013184
1498.13745117	1694.68493652
1499.55041504	1843.4317627
1500.96337891	2021.82385254
1502.37634277	2243.76123047
1503.78930664	2523.65161133
1505.20227051	2660.7590332
1506.61523438	2877.23828125
1508.02832031	3096.55712891
1509.44128418	3207.3737793
1510.85424805	3331.37109375
1512.26721191	3477.6640625
1513.68017578	3632.35253906
1515.09313965	3769.45922852
1516.50610352	3809.85424805
1517.91906738	3822.73339844
1519.33203125	3829.05786133
1520.74499512	3773.7734375
1522.15795898	3688.21826172
1523.57092285	3649.80029297
1524.98388672	3646.31738281
1526.39697266	3574.93286133
1527.80993652	3430.03857422
1529.22290039	3337.46728516
1530.63586426	3335.73754883
1532.04882813	3238.56542969
1533.46179199	3207.2902832
1534.87475586	3215.56884766
1536.28771973	3229.49731445
1537.70068359	3189.49658203
1539.11364746	3162.62548828
1540.52661133	3131.35644531
1541.9395752	3070.99462891
1543.35266113	2971.54589844
1544.765625	2848.78271484
1546.17858887	2734.38305664
1547.59155273	2595.32421875
1549.0045166	2337.84643555
1550.41748047	2169.65039063
1551.83044434	2070.0949707
1553.2434082	1961.10705566
1554.65637207	1839.60791016
1556.06933594	1788.60229492
1557.4822998	1757.23510742
1558.89526367	1682.75463867
1560.30822754	1636.0802002
1561.72131348	1671.02355957
1563.13427734	1596.88085938
1564.54724121	1556.91638184
1565.96020508	1547.98840332
1567.37316895	1513.37487793
1568.78613281	1544.72167969
1570.19909668	1612.4597168
1571.61206055	1709.13269043
1573.02502441	1767.51989746
1574.43798828	1792.96862793
1575.85095215	1846.15563965
1577.26391602	1890.56958008
1578.67700195	2033.57006836
1580.08996582	2157.18579102
1581.50292969	2196.83374023
1582.91589355	2251.24389648
1584.32885742	2211.42553711
1585.74182129	2019.27246094
1587.15478516	1839.6730957
1588.56774902	1682.32446289
1589.98071289	1525.34289551
1591.39367676	1412.89819336
1592.80664063	1314.4140625
1594.21960449	1230.7598877
1595.63256836	1209.98156738
1597.0456543	1208.29174805
1598.45861816	1212.1965332
1599.87158203	1226.54858398
1601.2845459	1235.66137695
1602.69750977	1272.87597656
1604.11047363	1314.50939941
1605.5234375	1327.42077637
1606.93640137	1315.82324219
1608.34936523	1283.98095703
1609.7623291	1219.05310059
1611.17529297	1207.55224609
1612.58825684	1235.11755371
1614.00134277	1180.74499512
1615.41430664	1209.62512207
1616.82727051	1253.01074219
1618.24023438	1293.83581543
1619.65319824	1317.04431152
1621.06616211	1309.00585938
1622.47912598	1273.37475586
1623.89208984	1220.00817871
1625.30505371	1150.91906738
1626.71801758	1085.75878906
1628.13098145	1057.62426758
1629.54394531	976.173095703
1630.95690918	957.389343262
1632.36999512	900.75378418
1633.78295898	844.285217285
1635.19592285	801.133300781
1636.60888672	791.29309082
1638.02185059	784.701416016
1639.43481445	757.267822266
1640.84777832	735.215270996
1642.26074219	738.532836914
1643.67370605	761.457885742
1645.08666992	764.566711426
1646.49963379	783.845825195
1647.91259766	806.680358887
1649.32568359	801.448608398
1650.73864746	790.716186523
1652.15161133	790.756591797
1653.5645752	772.210876465
1654.97753906	730.925720215
1656.39050293	698.528381348
1657.8034668	677.899597168
1659.21643066	640.767456055
1660.62939453	621.016540527
1662.0423584	621.159362793
1663.45532227	640.340698242
1664.86828613	678.440856934
1666.28125	698.372802734
1667.69433594	714.47644043
1669.1072998	737.198486328
1670.52026367	786.240356445
1671.93322754	859.997314453
1673.34619141	943.233459473
1674.75915527	1025.39733887
1676.17211914	1090.79345703
1677.58508301	1130.42041016
1678.99804688	1215.29174805
1680.41101074	1277.32946777
1681.82397461	1413.62316895
1683.23693848	1510.57385254
1684.65002441	1702.3215332
1686.06298828	1835.68969727
1687.47595215	1931.68005371
1688.88891602	1991.57666016
1690.30187988	1972.97253418
1691.71484375	1894.35241699
1693.12780762	1808.23828125
1694.54077148	1713.91467285
1695.95373535	1625.40625
1697.36669922	1620.68481445
1698.77966309	1660.05993652
1700.19262695	1767.08361816
1701.60571289	1846.99523926
1703.01867676	1947.14013672
1704.43164063	2042.50146484
1705.84460449	2069.63305664
1707.25756836	2102.42797852
1708.67053223	2143.92797852
1710.08349609	2152.61914063
1711.49645996	2147.07592773
1712.90942383	2143.74072266
1714.3223877	2103.62548828
1715.73535156	2066.04980469
1717.14831543	1992.49584961
1718.5612793	1909.30944824
1719.97436523	1830.25390625
1721.3873291	1725.73327637
1722.80029297	1629.91052246
1724.21325684	1554.99255371
1725.6262207	1501.92553711
1727.03918457	1431.93835449
1728.45214844	1355.6472168
1729.8651123	1322.74743652
1731.27807617	1304.73095703
1732.69104004	1244.15686035
1734.10400391	1233.73059082
1735.51696777	1212.4597168
1736.93005371	1191.89208984
1738.34301758	1166.04541016
1739.75598145	1139.08178711
1741.16894531	1090.18933105
1742.58190918	1076.60839844
1743.99487305	1081.1607666
1745.40783691	1064.49206543
1746.82080078	1032.91027832
1748.23376465	1021.61157227
1749.64672852	1015.27435303
1751.05969238	986.340087891
1752.47265625	977.460083008
1753.88562012	981.78729248
1755.29870605	956.814208984
1756.71166992	953.350158691
1758.12463379	985.903991699
1759.53759766	943.686523438
1760.95056152	929.929138184
1762.36352539	914.230041504
1763.77648926	913.788635254
1765.18945313	905.453979492
1766.60241699	905.428833008
1768.01538086	900.632385254
1769.42834473	889.810241699
1770.84130859	889.838439941
1772.25439453	886.834411621
1773.6673584	891.556762695
1775.08032227	839.050292969
1776.49328613	860.823852539
1777.90625	835.51574707
1779.31921387	867.139648438
1780.73217773	859.010009766
1782.1451416	857
1783.55810547	858.425354004
1784.97106934	842.934509277
1786.3840332	837.541564941
1787.79699707	840.075195313
1789.20996094	846.343933105
1790.62304688	834.592590332
1792.03601074	815.132141113
1793.44897461	845.853515625
1794.86193848	856.4921875
1796.27490234	838.637145996
1797.68786621	821.146484375
1799.10083008	821.146484375
1800.51379395	837.638977051
1801.92675781	796.018127441
1803.33972168	812.845092773
1804.75268555	815.456848145
1806.16564941	834.033203125
1807.57873535	816.393493652
1808.99169922	812.602966309
1810.40466309	822.151855469
1811.81762695	821.938293457
1813.23059082	825.051635742
1814.64355469	822.472595215
1816.05651855	818.895751953
1817.46948242	810.366333008
1818.88244629	806.442321777
1820.29541016	801.51159668
1821.70837402	811.819763184
1823.12133789	798.384643555
1824.53430176	803.046020508
1825.9473877	797.870544434
1827.36035156	786.754821777
1828.77331543	756.609313965
1830.1862793	756.289794922
1831.59924316	775.842041016
1833.01220703	769.786987305
1834.4251709	758.085266113
1835.83813477	768.20123291
1837.25109863	776.952270508
1838.6640625	790.094604492
1840.07702637	802.343566895
1841.48999023	769.13092041
1842.90307617	792.572570801
1844.31604004	799.960144043
1845.72900391	805.607849121
1847.14196777	819.133178711
1848.55493164	781.799682617
1849.96789551	805.55456543
1851.38085938	814.007629395
1852.79382324	806.74822998
1854.20678711	798.499267578
1855.61975098	788.356384277
1857.03271484	782.078491211
1858.44567871	776.779846191
1859.85864258	770.885620117
1861.27172852	772.694519043
1862.68469238	771.905761719
1864.09765625	785.71875
1865.51062012	802.717285156
1866.92358398	763.441894531
1868.33654785	768.062194824
1869.74951172	787.069274902
1871.16247559	772.882507324
1872.57543945	784.466552734
1873.98840332	763.835449219
1875.40136719	765.076049805
1876.81433105	760.066955566
1878.22741699	744.506896973
1879.64038086	747.676025391
1881.05334473	731.727600098
1882.46630859	724.852050781
1883.87927246	736.621887207
1885.29223633	730.702331543
1886.7052002	745.745056152
1888.11816406	736.052612305
1889.53112793	753.589782715
1890.9440918	724.527648926
1892.35705566	742.03692627
1893.77001953	727.044372559
1895.1829834	733.669128418
1896.59606934	702.528442383
1898.0090332	683.774536133
1899.42199707	703.309326172
1900.83496094	709.146484375
1902.2479248	681.024719238
1903.66088867	680.802490234
1905.07385254	682.839660645
1906.48681641	669.048950195
1907.89978027	655.320922852
1909.31274414	644.980224609
1910.72570801	639.261047363
1912.13867188	636.030883789
1913.55175781	621.889831543
1914.96472168	617.333740234
1916.37768555	627.401794434
1917.79064941	598.215820313
1919.20361328	588.60748291
1920.61657715	553.417175293
1922.02954102	574.163269043
1923.44250488	561.331970215
1924.85546875	535.033630371
1926.26843262	534.242797852
1927.68139648	491.751983643
1929.09436035	458.242828369
1930.50744629	446.179595947
1931.92041016	406.749481201
1933.33337402	364.447570801
1934.74633789	332.635162354
1936.15930176	300.770721436
1937.57226563	274.752105713
1938.98522949	240.739242554
1940.39819336	195.724807739
1941.81115723	173.659805298
1943.22412109	148.449584961
1944.63708496	137.260910034
1946.05004883	127.866096497
1947.4630127	120.558547974
1948.87609863	126.958534241
1950.2890625	121.097549438
1951.70202637	111.768722534
1953.11499023	105.808319092
1954.5279541	114.292610168
1955.94091797	113.612312317
1957.35388184	110.859664917
1958.7668457	107.331054688
1960.17980957	104.831428528
1961.59277344	105.279533386
1963.0057373	110.039428711
1964.41870117	106.386550903
1965.83178711	100.62134552
1967.24475098	101.083610535
1968.65771484	99.0806121826
1970.07067871	97.6951904297
1971.48364258	100.748474121
1972.89660645	98.3613357544
1974.30957031	95.9039916992
1975.72253418	105.85369873
1977.13549805	98.7950439453
1978.54846191	96.511177063
1979.96142578	100.936912537
1981.37438965	94.244758606
1982.78735352	102.626113892
1984.20043945	102.115089417
1985.61340332	101.26915741
1987.02636719	104.398330688
1988.43933105	106.68788147
1989.85229492	99.8669128418
1991.26525879	98.5166931152
1992.67822266	92.6202850342
1994.09118652	93.2076339722
1995.50415039	94.9631729126
1996.91711426	97.1770095825
1998.33007813	97.6911315918
1999.74304199	96.4495315552
2001.15612793	94.5492553711
2002.5690918	90.8124237061
2003.98205566	96.0158615112
2005.39501953	98.7932739258
2006.8079834	94.65184021
2008.22094727	93.4072494507
2009.63391113	94.974571228
2011.046875	94.1095046997
2012.45983887	95.3609008789
2013.87280273	99.8474807739
2015.2857666	90.2366790771
2016.69873047	93.9506759644
2018.11169434	93.1005325317
2019.52478027	97.4920578003
2020.93774414	96.4776916504
2022.35070801	93.6441955566
2023.76367188	94.6249389648
2025.17663574	95.7596054077
2026.58959961	98.8210372925
2028.00256348	100.789352417
2029.41552734	89.0500030518
2030.82849121	82.2807769775
2032.24145508	87.9120635986
2033.65441895	90.1781234741
2035.06738281	88.5351486206
2036.48046875	91.9285354614
2037.89343262	93.3866424561
2039.30639648	87.7660675049
2040.71936035	87.924659729
2042.13232422	92.7467651367
2043.54528809	89.5071029663
2044.95825195	90.7455215454
2046.37121582	87.9976119995
2047.78417969	83.9512252808
2049.19726563	95.5706863403
2050.61010742	89.6620941162
2052.02319336	84.3270263672
2053.43603516	91.9087142944
2054.84912109	85.4694747925
2056.26196289	88.8206863403
2057.67504883	80.3020782471
2059.08789063	87.6513366699
2060.50097656	93.1056518555
2061.91381836	87.8585281372
2063.3269043	83.7911834717
2064.73999023	85.9656448364
2066.15283203	90.5572662354
2067.56591797	93.3483581543
2068.97875977	92.2443466187
2070.3918457	89.3986358643
2071.8046875	90.3471069336
2073.21777344	93.1821670532
2074.63061523	94.5610198975
2076.04370117	95
2077.45654297	95.420753479
2078.86962891	94.0547485352
2080.28271484	91.0523910522
2081.69555664	88.8623275757
2083.10864258	84.736831665
2084.52148438	86.4106369019
2085.93457031	85.2808380127
2087.34741211	79.9557037354
2088.76049805	85.0262756348
2090.17333984	93.302406311
2091.58642578	89.1246871948
2092.99926758	96.6781845093
2094.41235352	92.7039489746
2095.82519531	87.2299194336
2097.23828125	91.1116867065
2098.65136719	96.7779312134
2100.06420898	86.8755264282
2101.47729492	88.8577270508
2102.89013672	83.021697998
2104.30322266	77.9153594971
2105.71606445	93.3817825317
2107.12915039	82.9075775146
2108.54199219	83.6020278931
2109.95507813	83.6412200928
2111.36791992	83.146484375
2112.78100586	87.1126861572
2114.19384766	83.2454452515
2115.60693359	89.3940124512
2117.02001953	85.5495758057
2118.43286133	82.48046875
2119.84594727	86.1647338867
2121.25878906	86.1147842407
2122.671875	80.671005249
2124.0847168	83.0118103027
2125.49780273	84.5957641602
2126.91064453	80.6035461426
2128.32373047	87.0563583374
2129.73657227	86.4276046753
2131.1496582	87.1541824341
2132.5625	88.6729049683
2133.97558594	81.4425735474
2135.38867188	78.959526062
2136.80151367	85.5525436401
2138.21459961	87.6208648682
2139.62744141	79.8191299438
2141.04052734	86.5008087158
2142.45336914	83.1263885498
2143.86645508	83.1298522949
2145.27929688	83.8622131348
2146.69238281	81.0764541626
2148.10522461	82.3186187744
2149.51831055	86.0478515625
2150.93139648	81.1588745117
2152.34423828	81.146484375
2153.75732422	83.0495758057
2155.17016602	89.5199737549
2156.58325195	81.8336791992
2157.99609375	88.0799636841
2159.40917969	87.2743988037
2160.82202148	87
2162.23510742	84.5402832031
2163.64794922	83.2018051147
2165.06103516	80.0041351318
2166.47387695	80.548248291
2167.88696289	81.1078033447
2169.30004883	84.7223434448
2170.71289063	90.3114089966
2172.12597656	91.3735656738
2173.53881836	83.2481155396
2174.9519043	81.5908126831
2176.36474609	82.3855056763
2177.77783203	76.0559310913
2179.19067383	76.1103973389
2180.60375977	74.6992416382
2182.01660156	78.126739502
2183.4296875	78.9659347534
2184.8425293	80.5652008057
2186.25561523	84.1852874756
2187.66870117	82.0714035034
2189.08154297	80.4805984497
2190.49462891	81.8346939087
2191.9074707	82.7771224976
2193.32055664	79.7443695068
2194.73339844	86.3999786377
2196.14648438	83.7232131958
2197.55932617	81.4356384277
2198.97241211	80.0708465576
2200.38525391	79.9638290405
2201.79833984	88.4660720825
2203.21142578	83.6135787964
2204.62426758	77.6802902222
2206.03735352	84.8867797852
2207.45019531	76.15209198
2208.86328125	78.9007720947
2210.27612305	76.453742981
2211.68920898	85.0877227783
2213.10205078	80.2844467163
2214.51513672	80.434173584
2215.92797852	78.0475234985
2217.34106445	83.4313278198
2218.75390625	79.5586242676
2220.16699219	83.3224563599
2221.58007813	85.2099151611
2222.99291992	85.8876953125
2224.40600586	84.0474624634
2225.81884766	82.0704193115
2227.23193359	84.1435852051
2228.64477539	84.0204086304
2230.05786133	86.9790039063
2231.47070313	86.1633071899
2232.88378906	84.0687713623
2234.29663086	81.1330947876
2235.7097168	81
2237.12255859	77.4144973755
2238.53564453	83.5779190063
2239.94873047	77.7955093384
2241.36157227	80.5943450928
2242.7746582	76.5828704834
2244.1875	78.7446212769
2245.60058594	79.146484375
2247.01342773	87.5296173096
2248.42651367	84.7993011475
2249.83935547	78.3198318481
2251.25244141	80.4202194214
2252.6652832	81.146484375
2254.07836914	81.8279724121
2255.49121094	82.7887954712
2256.90429688	80.6624603271
2258.31738281	81.5396499634
2259.73022461	83.5213546753
2261.14331055	82.6069641113
2262.55615234	84.3719482422
2263.96923828	91.6349258423
2265.38208008	82.51587677
2266.79516602	83.1599655151
2268.20800781	81.0557556152
2269.62109375	84.8620300293
2271.03393555	79.1748733521
2272.44702148	83.5148391724
2273.86010742	87.485824585
2275.27294922	84.9617004395
2276.68603516	85.5136871338
2278.09887695	89.5609054565
2279.51196289	85.1083221436
2280.92480469	84.8968200684
2282.33789063	89.9101486206
2283.75073242	88.0928268433
2285.16381836	89.7648468018
2286.57666016	92.6032943726
2287.98974609	93.9112854004
2289.40258789	95.6497650146
2290.81567383	99.033454895
2292.22875977	100.410087585
2293.64160156	96.6608581543
2295.0546875	91.2825469971
2296.4675293	93.6249923706
2297.88061523	95.7964019775
2299.29345703	96.4921035767
2300.70654297	96.3390960693
2302.11938477	97.7562713623
2303.5324707	97.6976013184
2304.9453125	96.1468734741
2306.35839844	96.3601913452
2307.77124023	91.6154327393
2309.18432617	89.7427749634
2310.59741211	95.1993713379
2312.01025391	91.934753418
2313.42333984	91.9995346069
2314.83618164	93.8598403931
2316.24926758	94.0072937012
2317.66210938	93.5921783447
2319.07519531	89.8950119019
2320.48803711	90.5228881836
2321.90112305	97.736000061
2323.31396484	100.896865845
2324.72705078	100.282302856
2326.13989258	104.837135315
2327.55297852	119.005722046
2328.96606445	139.75541687
2330.37890625	134.855133057
2331.79199219	112.908164978
2333.20483398	94.6285629272
2334.61791992	88.2203140259
2336.03076172	94.0981216431
2337.44384766	91.5326309204
2338.85668945	88.0139846802
2340.26977539	91.3951950073
2341.68261719	87.9325790405
2343.09570313	86.7926559448
2344.50878906	89.2140579224
2345.92163086	86.9960861206
2347.3347168	86.4320755005
2348.74755859	87.2931442261
2350.16064453	88.8536605835
2351.57348633	91.3691711426
2352.98657227	92.794303894
2354.39941406	94.202255249
2355.8125	94.1143875122
2357.2253418	89.9708938599
2358.63842773	84.9416427612
2360.05126953	87.7802352905
2361.46435547	88.2481460571
2362.87744141	87.6288223267
2364.2902832	91.1829833984
2365.70336914	93.3123397827
2367.11621094	96.1299591064
2368.52929688	96.7781600952
2369.94213867	99.8829803467
2371.35522461	98.737701416
2372.76806641	95.6328964233
2374.18115234	99.8501281738
2375.59399414	98.9669189453
2377.00708008	95.0496826172
2378.41992188	98.3489837646
2379.83300781	98.4693603516
2381.24609375	100.279449463
2382.65893555	98.1094436646
2384.07202148	96.1791610718
2385.48486328	101.003059387
2386.89794922	100.604568481
2388.31079102	101.03616333
2389.72387695	101.814086914
2391.13671875	101.502388
2392.54980469	98.7968597412
2393.96264648	105.638069153
2395.37573242	106.864990234
2396.78857422	104.298423767
2398.20166016	102.249778748
2399.61474609	97.6270904541
2401.02758789	95.5571289063
2402.44067383	104.301002502
2403.85351563	99.1631393433
2405.26660156	103.179260254
2406.67944336	105.810920715
2408.0925293	100.292457581
2409.50537109	108.129379272
2410.91845703	108.241508484
2412.33129883	104.703384399
2413.74438477	100.324363708
2415.1574707	99.6155090332
2416.5703125	101.11026001
2417.98339844	99.1661834717
2419.39624023	101.215499878
2420.80932617	106.032058716
2422.22216797	103.353889465
2423.63525391	102.230888367
2425.0480957	102.17805481
2426.46118164	105.342201233
2427.87402344	106.823623657
2429.28710938	105.01474762
2430.69995117	113.39667511
2432.11303711	113.259353638
2433.52612305	115.515182495
2434.93896484	117.180892944
2436.35205078	115.208244324
2437.76489258	110.592247009
2439.17797852	119.818939209
2440.59082031	121.214103699
2442.00390625	126.331451416
2443.41674805	125.165771484
2444.82983398	134.162094116
2446.24267578	147.627349854
2447.65576172	154.423034668
2449.06860352	158.047409058
2450.48168945	167.156143188
2451.89477539	163.300857544
2453.30761719	164.530990601
2454.72070313	166.536087036
2456.13354492	176.336990356
2457.54663086	175.974517822
2458.95947266	168.410827637
2460.37255859	160.149963379
2461.78540039	157.56060791
2463.19848633	157.464706421
2464.61132813	155.705780029
2466.02441406	150.939712524
2467.4375	148.635040283
2468.8503418	142.936523438
2470.26342773	138.00958252
2471.67626953	140.959503174
2473.08935547	142.505767822
2474.50219727	141.268341064
2475.9152832	132.432128906
2477.328125	134.451309204
2478.74121094	135.055130005
2480.15405273	131.589202881
2481.56713867	129.3409729
2482.97998047	129.979248047
2484.39306641	117.183952332
2485.80615234	124.06061554
2487.21899414	118.670227051
2488.63208008	119.405685425
2490.04492188	122.426322937
2491.45800781	121.859733582
2492.87084961	117.661048889
2494.28393555	113.476364136
2495.69677734	115.88269043
2497.10986328	111.980728149
2498.52270508	113.980545044
2499.93579102	111.972335815
2501.34863281	112.177024841
2502.76171875	112.859222412
2504.17480469	109.160873413
2505.58764648	114.386947632
2507.00073242	112.242614746
2508.41357422	110.966629028
2509.82666016	108.810585022
2511.23950195	106.619415283
2512.65258789	103.207145691
2514.06542969	110.35874176
2515.47851563	104.436630249
2516.89135742	108.638618469
2518.30444336	105.040458679
2519.71728516	100.594985962
2521.13037109	104.286308289
2522.54345703	103.592658997
2523.95629883	100.119361877
2525.36938477	98.6633911133
2526.78222656	106.405517578
2528.1953125	107.378707886
2529.6081543	104.921470642
2531.02124023	101.045555115
2532.43408203	101.18863678
2533.84716797	104.149353027
2535.26000977	105.536315918
2536.6730957	106.340362549
2538.08618164	99.6859893799
2539.49902344	104.209892273
2540.91210938	104.201766968
2542.32495117	102.201568604
2543.73803711	100.002151489
2545.15087891	102.077339172
2546.56396484	98.3120803833
2547.97680664	100.075508118
2549.38989258	106.561576843
2550.80273438	98.2013702393
2552.21582031	99.4898452759
2553.62866211	100.857872009
2555.04174805	103.639099121
2556.45483398	99.7755584717
2557.86767578	99.0912704468
2559.28076172	106.992652893
2560.69360352	103.610748291
2562.10668945	100.89616394
2563.51953125	103.968803406
2564.93261719	104.912239075
2566.34545898	102.666412354
2567.75854492	98.4138641357
2569.17138672	106.391189575
2570.58447266	107.03112793
2571.99731445	105.081253052
2573.41040039	108.199768066
2574.82348633	108.036613464
2576.23632813	109.977203369
2577.64941406	103.675941467
2579.06225586	106.387161255
2580.4753418	104.913665771
2581.88818359	108.694885254
2583.30126953	107.782394409
2584.71411133	107.932914734
2586.12719727	104.913253784
2587.54003906	113.116844177
2588.953125	115.790596008
2590.3659668	112.51663208
2591.77905273	110.061805725
2593.19213867	110.78112793
2594.60498047	115.05040741
2596.01806641	123.147346497
2597.4309082	108.262161255
2598.84399414	109.213989258
2600.25683594	129.11428833
2601.66992188	126.358810425
2603.08276367	123.698661804
2604.49584961	118.604652405
2605.90869141	117.711761475
2607.32177734	124.418304443
2608.73486328	134.289794922
2610.14770508	130.468490601
2611.56079102	129.000183105
2612.97363281	133.046676636
2614.38671875	135.609191895
2615.79956055	139.354858398
2617.21264648	137.45526123
2618.62548828	141.69732666
2620.03857422	142.926834106
2621.45141602	145.730316162
2622.86450195	152.46496582
2624.27734375	156.692184448
2625.69042969	168.560501099
2627.10351563	172.057952881
2628.51635742	177.371887207
2629.92944336	170.131668091
2631.34228516	179.040908813
2632.75537109	187.359100342
2634.16821289	194.297683716
2635.58129883	209.724685669
2636.99414063	224.665313721
2638.40722656	241.369033813
2639.82006836	247.670761108
2641.2331543	276.885314941
2642.64599609	285.283416748
2644.05908203	306.698394775
2645.47216797	325.494537354
2646.88500977	348
2648.2980957	384.404052734
2649.7109375	421.001037598
2651.12402344	458.993133545
2652.53686523	497.845245361
2653.94995117	560.653503418
2655.36279297	620.681274414
2656.77587891	697.089294434
2658.1887207	757.663879395
2659.60180664	822.189941406
2661.01489258	941.768981934
2662.42773438	1086.76464844
2663.84082031	1197.71691895
2665.25366211	1275.1550293
2666.66674805	1444.69042969
2668.07958984	1552.87902832
2669.49267578	1707.79016113
2670.90551758	1828.42285156
2672.31860352	1892.7902832
2673.73144531	1978.04907227
2675.14453125	1988.34545898
2676.55737305	2002.7623291
2677.97045898	1955.03344727
2679.38354492	1897.33398438
2680.79638672	1879.984375
2682.20947266	1770.88439941
2683.62231445	1677.94897461
2685.03540039	1549.91308594
2686.44824219	1396.08947754
2687.86132813	1269.97753906
2689.27416992	1182.4296875
2690.68725586	1052.92651367
2692.10009766	941.451538086
2693.51318359	845.453186035
2694.92602539	760.156921387
2696.33911133	664.175109863
2697.75219727	600.039367676
2699.16503906	536.421936035
2700.578125	500.452697754
2701.9909668	451.774719238
2703.40405273	394.773651123
2704.81689453	368.936798096
2706.22998047	361.356658936
2707.64282227	322.159393311
2709.0559082	305.981140137
2710.46875	284.49810791
2711.88183594	262.379455566
2713.29467773	254.601211548
2714.70776367	249.07673645
2716.12084961	231.661193848
2717.53369141	219.995315552
2718.94677734	212.708374023
2720.35961914	199.030593872
2721.77270508	201.766845703
2723.18554688	199.148025513
2724.59863281	184.721206665
2726.01147461	174.773727417
2727.42456055	164.467163086
2728.83740234	171.236526489
2730.25048828	162.442840576
2731.66357422	166.208999634
2733.07641602	159.79776001
2734.48950195	149.451934814
2735.90234375	138.360641479
2737.31542969	142.151290894
2738.72827148	141.859588623
2740.14135742	146.487289429
2741.55419922	143.562164307
2742.96728516	142.141540527
2744.38012695	134.18182373
2745.79321289	132.127563477
2747.20605469	130.449630737
2748.61914063	134.202880859
2750.03222656	132.892593384
2751.44506836	126.494522095
2752.8581543	126.759155273
2754.27099609	119.169692993
2755.68408203	128.621704102
2757.09692383	121.145362854
2758.51000977	123.227363586
2759.92285156	123.143127441
2761.3359375	120.159729004
2762.7487793	117.204330444
2764.16186523	124.849639893
2765.57470703	121.10131073
2766.98779297	112.303413391
2768.40087891	110.6979599
2769.8137207	119.189971924
2771.22680664	113.863090515
2772.63964844	108.468917847
2774.05273438	115.141700745
2775.46557617	114.635452271
2776.87866211	116.326034546
2778.29150391	113.806533813
2779.70458984	109.885643005
2781.11743164	112.927558899
2782.53051758	107.750526428
2783.94335938	115.561653137
2785.35644531	112.539916992
2786.76953125	113.017723083
2788.18237305	115.200111389
2789.59545898	112.286422729
2791.00830078	104.068031311
2792.42138672	107.844451904
2793.83422852	103.824234009
2795.24731445	109.113830566
2796.66015625	110.723258972
2798.07324219	112.308013916
2799.48608398	111.054283142
2800.89916992	105.690719604
2802.31225586	106.699127197
2803.72509766	105.462165833
2805.13818359	102.468261719
2806.55102539	103.816307068
2807.96411133	110.001655579
2809.37695313	101.094299316
2810.79003906	110.677146912
2812.20288086	109.07673645
2813.6159668	103.669975281
2815.02880859	111.123497009
2816.44189453	113.8855896
2817.85473633	100.973564148
2819.26782227	103.246681213
2820.6809082	105.69103241
2822.09375	98.4165878296
2823.50683594	100.404930115
2824.91967773	106.573867798
2826.33276367	105.541816711
2827.74560547	105.605613708
2829.15869141	105.475074768
2830.5715332	105.920463562
2831.98461914	101.565811157
2833.39746094	101.238204956
2834.81054688	104.105407715
2836.22338867	105.178657532
2837.63647461	95.9080047607
2839.04956055	96.0591201782
2840.46240234	103.75692749
2841.87548828	102.966896057
2843.28833008	102.358322144
2844.70141602	105.710594177
2846.11425781	102.613723755
2847.52734375	104.293983459
2848.94018555	106.792045593
2850.35327148	104.088119507
2851.76611328	112.100151062
2853.17919922	102.005722046
2854.59228516	101.948654175
2856.00512695	98.0870819092
2857.41821289	103.212219238
2858.83105469	113.916641235
2860.24414063	106.464241028
2861.65698242	105.355384827
2863.07006836	109.216194153
2864.48291016	105.759162903
2865.89599609	105.378440857
2867.30883789	105.353012085
2868.72192383	102.888656616
2870.13476563	107.997550964
2871.54785156	106.072319031
2872.9609375	98.6044082642
2874.3737793	106.20262146
2875.78686523	103.197036743
2877.19970703	102.124534607
2878.61279297	104.159912109
2880.02563477	104.525848389
2881.4387207	100.378303528
2882.8515625	99.3090286255
2884.26464844	106.502174377
2885.67749023	102.30682373
2887.09057617	99.0831680298
2888.50341797	100.576255798
2889.91650391	99.5526809692
2891.32958984	104.210502625
2892.74243164	103.791488647
2894.15551758	98.6276779175
2895.56835938	98.0542907715
2896.98144531	102.274246216
2898.39428711	102.945823669
2899.80737305	103.681190491
2901.22021484	107.239387512
2902.63330078	98.0862350464
2904.04614258	104.578887939
2905.45922852	107.579124451
2906.87207031	104.307167053
2908.28515625	104.669380188
2909.69824219	104.848274231
2911.11108398	107.191902161
2912.52416992	107.205543518
2913.93701172	99.670463562
2915.35009766	100.052619934
2916.76293945	101.861473083
2918.17602539	97.6538772583
2919.58886719	101.732284546
2921.00195313	104.054283142
2922.41479492	102.232894897
2923.82788086	98.3348770142
2925.2409668	98.8425140381
2926.65380859	104.997749329
2928.06689453	99.2762985229
2929.47973633	98.9133377075
2930.89282227	98.3735961914
2932.30566406	105.399742126
2933.71875	104.252838135
2935.1315918	110.790977478
2936.54467773	96.8859329224
2937.95751953	106.360366821
2939.37060547	104.984390259
2940.78344727	102.775543213
2942.1965332	99.799369812
2943.60961914	107.343040466
2945.02246094	108.29019928
2946.43554688	103.706474304
2947.84838867	106.97202301
2949.26147461	103.739944458
2950.67431641	105.898910522
2952.08740234	99.9395446777
2953.50024414	97.3669662476
2954.91333008	106.949050903
2956.32617188	104.366271973
2957.73925781	108.707023621
2959.15209961	103.986198425
2960.56518555	101.054290771
2961.97827148	101.652915955
2963.39111328	98.6509933472
2964.80419922	104.691879272
2966.21704102	102.137390137
2967.63012695	99.2095108032
2969.04296875	101.316947937
2970.45605469	107.32258606
2971.86889648	106.620193481
2973.28198242	101.892669678
2974.69482422	103.24597168
2976.10791016	96.5671768188
2977.52075195	99.8214874268
2978.93383789	99.1345443726
2980.34692383	100.472648621
2981.75976563	102.20148468
2983.17285156	101.39151001
2984.58569336	97.3094177246
2985.9987793	98.2202987671
2987.41162109	97.66746521
2988.82470703	99.2867965698
2990.23754883	93.1866912842
2991.65063477	95.755859375
2993.06347656	96.0697250366
2994.4765625	101.498138428
2995.88964844	99.4567947388
2997.30249023	95.4746246338
2998.71557617	95.2456970215
3000.12841797	95.9668807983
3001.54150391	109.763252258
3002.9543457	99.9993591309
3004.36743164	99.8381195068
3005.78027344	103.588272095
3007.19335938	104.913101196
3008.60620117	100.794235229
3010.01928711	101.668884277
3011.43212891	100.572006226
3012.84521484	98.8698425293
3014.25830078	103.170295715
3015.67114258	103.352035522
3017.08422852	100.368751526
3018.49707031	104.810638428
3019.91015625	100.08102417
3021.32299805	101.624786377
3022.73608398	102.97077179
3024.14892578	96.5456771851
3025.56201172	94.7273330688
3026.97485352	95.2212371826
3028.38793945	99.9927368164
3029.80078125	98.1290283203
3031.21386719	102.470909119
3032.62695313	97.2805480957
3034.03979492	94.2312545776
3035.45288086	97.3658676147
3036.86572266	96.8918380737
3038.27880859	98.5977859497
3039.69165039	102.392074585
3041.10473633	96.8978118896
3042.51757813	98.399520874
3043.93066406	99.2391662598
3045.34350586	103.26789093
3046.7565918	96.870765686
3048.16967773	98.040145874
3049.58251953	93.4233016968
3050.99560547	97.3930969238
3052.40844727	98.8880386353
3053.8215332	100.306907654
3055.234375	97.7365036011
3056.64746094	97.8318328857
3058.06030273	99.1808242798
3059.47338867	95.4577789307
3060.88623047	95.9544219971
3062.29931641	91.3130264282
3063.7121582	96.2430801392
3065.12524414	99.0414047241
3066.53833008	94.0232620239
3067.95117188	98.4140853882
3069.36425781	102.887298584
3070.77709961	104.073699951
3072.19018555	104.953811646
3073.60302734	96.5419387817
3075.01611328	96.5349121094
3076.42895508	96.138458252
3077.84204102	98.268737793
3079.25488281	99.7181854248
3080.66796875	102.383384705
3082.08081055	99.3883514404
3083.49389648	103.601821899
3084.90698242	105.426445007
3086.31982422	101.341140747
3087.73291016	96.7821655273
3089.14575195	105.340507507
3090.55883789	103.514328003
3091.97167969	106.968063354
3093.38476563	103.692481995
3094.79760742	98.8867721558
3096.21069336	95.7246551514
3097.62353516	101.424583435
3099.03662109	105.976028442
3100.44946289	101.847518921
3101.86254883	102.286132813
3103.27563477	102.207603455
3104.68847656	92.5601806641
3106.1015625	99.2220153809
3107.5144043	103.025268555
3108.92749023	106.207199097
3110.34033203	103.245697021
3111.75341797	104.092277527
3113.16625977	101.0496521
3114.5793457	98.1837615967
3115.9921875	106.054107666
3117.40527344	98.4929656982
3118.81835938	100.220428467
3120.23120117	102.764358521
3121.64428711	99.2465133667
3123.05712891	97.9012527466
3124.47021484	100.811378479
3125.88305664	104.355697632
3127.29614258	104.23538208
3128.70898438	98.9051895142
3130.12207031	104.096229553
3131.53491211	102.405075073
3132.94799805	104.966957092
3134.36083984	100.895004272
3135.77392578	102.502571106
3137.18701172	98.0711975098
3138.59985352	101.690612793
3140.01293945	103.098876953
3141.42578125	98.0312194824
3142.83886719	101.541267395
3144.25170898	105.06879425
3145.66479492	102.304199219
3147.07763672	103.000953674
3148.49072266	96.688369751
3149.90356445	99.6923980713
3151.31665039	93.9723510742
3152.72949219	101.224746704
3154.14257813	107.180244446
3155.55566406	108.642448425
3156.96850586	105.604568481
3158.3815918	113.886619568
3159.79443359	105.788887024
3161.20751953	103.07837677
3162.62036133	100.410202026
3164.03344727	98.7155685425
3165.44628906	101.272270203
3166.859375	103.802268982
3168.2722168	103.091720581
3169.68530273	107.642883301
3171.09814453	103.18056488
3172.51123047	107.361915588
3173.92431641	106.3070755
3175.3371582	104.579231262
3176.75024414	106.280609131
3178.16308594	102.168884277
3179.57617188	102.958320618
3180.98901367	97.2961959839
3182.40209961	111.114746094
3183.81494141	99.6424560547
3185.22802734	106.728881836
3186.64086914	108.480285645
3188.05395508	105.039276123
3189.46704102	103.091362
3190.87988281	103.419914246
3192.29296875	94.1868133545
3193.70581055	113.643363953
3195.11889648	101.315124512
3196.53173828	100.043914795
3197.94482422	99.5116043091
3199.35766602	102.779624939
3200.77075195	103.779090881
3202.18359375	101.88710022
3203.59667969	98.6232833862
3205.00952148	108.767074585
3206.42260742	105.683677673
3207.83569336	103.376228333
3209.24853516	105.920707703
3210.66162109	103.066322327
3212.07446289	99.6542892456
3213.48754883	100.613365173
3214.90039063	102.176696777
3216.31347656	103.619514465
3217.72631836	105.813995361
3219.1394043	115.242744446
3220.55224609	105.222755432
3221.96533203	104.618896484
3223.37817383	103.538162231
3224.79125977	109.850265503
3226.2043457	110.124526978
3227.6171875	105.519462585
3229.03027344	117.803413391
3230.44311523	111.508682251
3231.85620117	120.162643433
3233.26904297	131.698883057
3234.68212891	138.44380188
3236.0949707	146.681945801
3237.50805664	152.082275391
3238.92089844	168.128509521
3240.33398438	197.294845581
3241.74707031	200.337509155
3243.15991211	221.72857666
3244.57299805	243.492126465
3245.98583984	263.184234619
3247.39892578	271.501220703
3248.81176758	256.971160889
3250.22485352	241.308456421
3251.63769531	220.207748413
3253.05078125	209.387496948
3254.46362305	183.106872559
3255.87670898	156.017059326
3257.28955078	140.842041016
3258.70263672	133.025146484
3260.11572266	115.250076294
3261.52856445	113.659927368
3262.94165039	119.238113403
3264.35449219	114.456291199
3265.76757813	115.071716309
3267.18041992	112.610404968
3268.59350586	109.08039093
3270.00634766	114.355606079
3271.41943359	105.151794434
3272.83227539	106.174980164
3274.24536133	108.967330933
3275.65820313	106.088195801
3277.07128906	100.290992737
3278.484375	95.7294692993
3279.8972168	105.892440796
3281.31030273	106.081451416
3282.72314453	103.330329895
3284.13623047	104.054290771
3285.54907227	101.357154846
3286.9621582	108.82485199
3288.375	102.050971985
3289.78808594	106.481842041
3291.20092773	107.902000427
3292.61401367	107.495666504
3294.02685547	103.497879028
3295.43994141	103.064537048
3296.85302734	102.111946106
3298.26586914	98.2219314575
3299.67895508	100.922393799
3301.09179688	100.211624146
3302.50488281	96.5233917236
3303.91772461	102.708709717
3305.33081055	104.995223999
3306.74365234	95.5329818726
3308.15673828	103.198013306
3309.56958008	109.732055664
3310.98266602	102.909561157
3312.39575195	106.292190552
3313.80859375	102.358139038
3315.22167969	101.436386108
3316.63452148	106.187538147
3318.04760742	102.43032074
3319.46044922	99.2692184448
3320.87353516	100.308334351
3322.28637695	99.8364944458
3323.69946289	102.219696045
3325.11230469	100.765739441
3326.52539063	98.7125473022
3327.93823242	98.0542907715
3329.35131836	100.79132843
3330.7644043	98.7120742798
3332.17724609	103.776947021
3333.59033203	96.8909988403
3335.00317383	99.9156570435
3336.41625977	102.033859253
3337.82910156	108.355812073
3339.2421875	99.2381820679
3340.6550293	107.703384399
3342.06811523	110.509986877
3343.48095703	108.279724121
3344.89404297	100.664215088
3346.30688477	95.3339614868
3347.7199707	104.519866943
3349.13305664	98.0632019043
3350.54589844	105.338874817
3351.95898438	105.408309937
3353.37182617	104.639251709
3354.78491211	106.42023468
3356.19775391	99.8688201904
3357.61083984	112.484687805
3359.02368164	102.361434937
3360.43676758	103.086807251
3361.84960938	102.935142517
3363.26269531	104.40802002
3364.67553711	102.121932983
3366.08862305	105.471588135
3367.50170898	109.625724792
3368.91455078	101.325782776
3370.32763672	104.545585632
3371.74047852	101.448608398
3373.15356445	106.404655457
3374.56640625	110.516273499
3375.97949219	107.122390747
3377.39233398	103.503814697
3378.80541992	107.059402466
3380.21826172	108.182434082
3381.63134766	102.937667847
3383.04443359	107.339683533
3384.45727539	104.272407532
3385.87036133	105.181030273
3387.28320313	94.9211502075
3388.69628906	106.018074036
3390.10913086	98.2449645996
3391.5222168	103.054283142
3392.93505859	101.653457642
3394.34814453	100.669212341
3395.76098633	106.392425537
3397.17407227	102.766120911
3398.58691406	103.234512329
3400	102.472923279
