1200	961.397277832
1201.41296387	961.642944336
1202.82592773	949.933227539
1204.2388916	926.974304199
1205.65185547	931.275817871
1207.06481934	918.388305664
1208.4777832	869.117614746
1209.89086914	856.630615234
1211.30383301	867.100402832
1212.71679688	858.64453125
1214.12976074	843.485168457
1215.54272461	845.257446289
1216.95568848	823.07824707
1218.36865234	782.275390625
1219.78161621	763.646972656
1221.19458008	788.749511719
1222.60754395	782.717773438
1224.02050781	757.121643066
1225.43347168	744.978149414
1226.84655762	751.565246582
1228.25952148	754.917053223
1229.67248535	767.996520996
1231.08544922	717.568725586
1232.49841309	701.12298584
1233.91137695	692.56628418
1235.32434082	688.904296875
1236.73730469	685.507141113
1238.15026855	669.749389648
1239.56323242	657.76751709
1240.97619629	653.397094727
1242.38916016	638.057495117
1243.80212402	645.44152832
1245.21520996	639.039733887
1246.62817383	637.021728516
1248.0411377	645.805480957
1249.45410156	640.03326416
1250.86706543	640.785461426
1252.2800293	653.038574219
1253.69299316	647.859436035
1255.10595703	621.350769043
1256.5189209	599.323364258
1257.93188477	587.844482422
1259.34484863	576.653076172
1260.7578125	555.760009766
1262.17089844	529.272521973
1263.5838623	511.745697021
1264.99682617	509.240905762
1266.40979004	516.433288574
1267.82275391	520.662597656
1269.23571777	512.611083984
1270.64868164	503.589813232
1272.06164551	510.138366699
1273.47460938	515.674865723
1274.88757324	522.519775391
1276.30053711	516.471740723
1277.71350098	527.48828125
1279.12646484	533.685546875
1280.53955078	530.151794434
1281.95251465	526.182922363
1283.36547852	528.611633301
1284.77844238	529.860778809
1286.19140625	526.346374512
1287.60437012	530.408935547
1289.01733398	534.659851074
1290.43029785	531.201049805
1291.84326172	548.215270996
1293.25622559	564.823730469
1294.66918945	554.723632813
1296.08215332	554.724975586
1297.49523926	566.161804199
1298.90820313	565.147521973
1300.32116699	540.018493652
1301.73413086	550.605224609
1303.14709473	549.711853027
1304.56005859	549.357910156
1305.97302246	560.860290527
1307.38598633	549.044433594
1308.7989502	542.05859375
1310.21191406	521.971252441
1311.62487793	520.842590332
1313.0378418	501.142852783
1314.45092773	507.399139404
1315.8638916	509.348907471
1317.27685547	494.164855957
1318.68981934	481.667938232
1320.1027832	457.726623535
1321.51574707	453.315856934
1322.92871094	440.315063477
1324.3416748	439.534332275
1325.75463867	441.996246338
1327.16760254	433.459411621
1328.58056641	421.655487061
1329.99353027	412.251251221
1331.40649414	397.941253662
1332.81958008	402.196350098
1334.23254395	384.528045654
1335.64550781	396.737640381
1337.05847168	403.598083496
1338.47143555	417.179290771
1339.88439941	411.281677246
1341.29736328	400.26940918
1342.71032715	400.72088623
1344.12329102	364.797821045
1345.53625488	384.967224121
1346.94921875	384.116729736
1348.36218262	401.687896729
1349.77526855	404.513061523
1351.18823242	395.538757324
1352.60119629	387.29876709
1354.01416016	390.916778564
1355.42712402	405.221038818
1356.84008789	410.033905029
1358.25305176	408.262145996
1359.66601563	434.721679688
1361.07897949	447.36026001
1362.49194336	452.712097168
1363.90490723	455.229766846
1365.31787109	448.955413818
1366.73083496	443.924804688
1368.1439209	457.471374512
1369.55688477	455.141174316
1370.96984863	457.092224121
1372.3828125	446.117034912
1373.79577637	484.726318359
1375.20874023	489.670074463
1376.6217041	489.137115479
1378.03466797	491.553222656
1379.44763184	491.799438477
1380.8605957	508.870056152
1382.27355957	522.859375
1383.68652344	536.186035156
1385.09960938	576.427978516
1386.51257324	574.63885498
1387.92553711	598.01184082
1389.33850098	613.086669922
1390.75146484	618.667114258
1392.16442871	635.294372559
1393.57739258	651.791748047
1394.99035645	666.784912109
1396.40332031	635.643798828
1397.81628418	657.630859375
1399.22924805	665.670776367
1400.64221191	652.622924805
1402.05517578	633.26965332
1403.46826172	623.524963379
1404.88122559	622.568786621
1406.29418945	613.147033691
1407.70715332	588.720825195
1409.12011719	605.473327637
1410.53308105	609.456970215
1411.94604492	573.723022461
1413.35900879	576.90435791
1414.77197266	562.940490723
1416.18493652	550.260742188
1417.59790039	547.465270996
1419.01086426	529.343444824
1420.4239502	543.182861328
1421.83691406	534.87689209
1423.24987793	506.495361328
1424.6628418	488.979888916
1426.07580566	504.345825195
1427.48876953	488.845916748
1428.9017334	462.997467041
1430.31469727	455.095031738
1431.72766113	453.372161865
1433.140625	440.584625244
1434.55358887	426.190612793
1435.96655273	407.22088623
1437.3795166	390.944335938
1438.79260254	377.906280518
1440.20556641	382.221160889
1441.61853027	374.065917969
1443.03149414	362.949371338
1444.44445801	362.438537598
1445.85742188	360.663299561
1447.27038574	365.763641357
1448.68334961	355.009796143
1450.09631348	323.657836914
1451.50927734	320.791046143
1452.92224121	318.937713623
1454.33520508	322.673309326
1455.74829102	319.746154785
1457.16125488	318.362731934
1458.57421875	329.611785889
1459.98718262	335.485656738
1461.40014648	334.240875244
1462.81311035	350.398254395
1464.22607422	379.522399902
1465.63903809	441.254241943
1467.05200195	556.096069336
1468.46496582	757.689575195
1469.87792969	1006.05548096
1471.29089355	1242.66809082
1472.70385742	1468.1472168
1474.11694336	1721.78479004
1475.52990723	1945.24182129
1476.94287109	2131.54467773
1478.35583496	2143.04711914
1479.76879883	2111.81640625
1481.1817627	2055.7980957
1482.59472656	1997.7779541
1484.00769043	2005.41003418
1485.4206543	2042.91992188
1486.83361816	2041.54211426
1488.24658203	2082.46508789
1489.6595459	2136.734375
1491.07263184	2225.890625
1492.4855957	2278.46923828
1493.89855957	2315.57104492
1495.31152344	2401.0012207
1496.7244873	2547.62792969
1498.13745117	2727.89941406
1499.55041504	2941.16308594
1500.96337891	3214.24902344
1502.37634277	3563.54052734
1503.78930664	4022.69677734
1505.20227051	4255.59814453
1506.61523438	4658.00683594
1508.02832031	4889.92529297
1509.44128418	5133.1953125
1510.85424805	5401.95751953
1512.26721191	5642.55029297
1513.68017578	5857.9375
1515.09313965	6047.9375
1516.50610352	6123.11376953
1517.91906738	6048.33349609
1519.33203125	6019.60107422
1520.74499512	5906.04150391
1522.15795898	5896.17822266
1523.57092285	5858.69970703
1524.98388672	5764.87548828
1526.39697266	5627.78662109
1527.80993652	5483.03759766
1529.22290039	5364.59277344
1530.63586426	5261.75830078
1532.04882813	5142.00146484
1533.46179199	5165.97753906
1534.87475586	5102.61767578
1536.28771973	5043.45996094
1537.70068359	5072.07421875
1539.11364746	5005.93994141
1540.52661133	4906.42333984
1541.9395752	4827.09082031
1543.35266113	4708.76074219
1544.765625	4538.890625
1546.17858887	4377.30712891
1547.59155273	4039.08398438
1549.0045166	3659.03344727
1550.41748047	3488.87353516
1551.83044434	3216.9206543
1553.2434082	3061.07055664
1554.65637207	2962.28491211
1556.06933594	2842.68920898
1557.4822998	2706.42871094
1558.89526367	2599.14770508
1560.30822754	2542.59594727
1561.72131348	2501.40332031
1563.13427734	2383.30371094
1564.54724121	2338.07055664
1565.96020508	2260.31469727
1567.37316895	2267.01196289
1568.78613281	2285.32763672
1570.19909668	2337.49389648
1571.61206055	2398.22900391
1573.02502441	2415.2746582
1574.43798828	2418.16308594
1575.85095215	2447.89624023
1577.26391602	2432.99487305
1578.67700195	2412.09204102
1580.08996582	2342.02832031
1581.50292969	2422.86694336
1582.91589355	2411.19067383
1584.32885742	2318.56103516
1585.74182129	2208.02075195
1587.15478516	2091.29296875
1588.56774902	2003.11218262
1589.98071289	1937.11047363
1591.39367676	1856.81066895
1592.80664063	1789.42675781
1594.21960449	1747.51318359
1595.63256836	1715.46789551
1597.0456543	1740.08435059
1598.45861816	1786.25976563
1599.87158203	1834.57104492
1601.2845459	1875.14074707
1602.69750977	1949.6895752
1604.11047363	2024.08007813
1605.5234375	2055.0793457
1606.93640137	2029.37670898
1608.34936523	1948.42700195
1609.7623291	1868.24487305
1611.17529297	1880.58813477
1612.58825684	1873.27307129
1614.00134277	1900.26098633
1615.41430664	1904.9510498
1616.82727051	1962.37902832
1618.24023438	2025.30810547
1619.65319824	2073.88525391
1621.06616211	2062.60693359
1622.47912598	1992.67407227
1623.89208984	1910.60559082
1625.30505371	1802.39440918
1626.71801758	1659.90100098
1628.13098145	1586.04467773
1629.54394531	1522.89709473
1630.95690918	1430.60986328
1632.36999512	1371.22509766
1633.78295898	1291.64868164
1635.19592285	1231.72583008
1636.60888672	1220.06555176
1638.02185059	1190.55102539
1639.43481445	1152.7286377
1640.84777832	1158.97949219
1642.26074219	1139.81616211
1643.67370605	1167.47131348
1645.08666992	1234.62219238
1646.49963379	1221.76940918
1647.91259766	1229.62158203
1649.32568359	1253.0045166
1650.73864746	1242.28759766
1652.15161133	1229.57214355
1653.5645752	1196.2355957
1654.97753906	1145.68286133
1656.39050293	1093.7668457
1657.8034668	1042.08422852
1659.21643066	993.461853027
1660.62939453	942.980651855
1662.0423584	975.446838379
1663.45532227	983.908325195
1664.86828613	989.529296875
1666.28125	1089.53527832
1667.69433594	1144.4876709
1669.1072998	1203.38171387
1670.52026367	1288.8269043
1671.93322754	1380.54345703
1673.34619141	1479.81713867
1674.75915527	1574.92675781
1676.17211914	1657.26293945
1677.58508301	1789.2857666
1678.99804688	1894.80822754
1680.41101074	2080.80541992
1681.82397461	2255.95019531
1683.23693848	2474.22729492
1684.65002441	2675.10253906
1686.06298828	2914.59716797
1687.47595215	3049.71777344
1688.88891602	3046.4609375
1690.30187988	3009.95800781
1691.71484375	2948.32446289
1693.12780762	2806.15869141
1694.54077148	2659.20068359
1695.95373535	2588.68579102
1697.36669922	2543.44946289
1698.77966309	2644.84545898
1700.19262695	2743.87451172
1701.60571289	2921.29223633
1703.01867676	3049.95898438
1704.43164063	3218.15161133
1705.84460449	3332.92602539
1707.25756836	3348.30639648
1708.67053223	3346.51367188
1710.08349609	3360.52172852
1711.49645996	3370.234375
1712.90942383	3362.87402344
1714.3223877	3284.82226563
1715.73535156	3267.22290039
1717.14831543	3116.87890625
1718.5612793	3013.18920898
1719.97436523	2769.81079102
1721.3873291	2666.29785156
1722.80029297	2554.04345703
1724.21325684	2377.66015625
1725.6262207	2271.32910156
1727.03918457	2200.01171875
1728.45214844	2115.52832031
1729.8651123	2062.34545898
1731.27807617	2039.30383301
1732.69104004	1983.30432129
1734.10400391	1921.79187012
1735.51696777	1879.42089844
1736.93005371	1797.06359863
1738.34301758	1764.58520508
1739.75598145	1801.58581543
1741.16894531	1741.95007324
1742.58190918	1697.54272461
1743.99487305	1646.48779297
1745.40783691	1612.72399902
1746.82080078	1605.20446777
1748.23376465	1600.58776855
1749.64672852	1583.44677734
1751.05969238	1551.05456543
1752.47265625	1515.96484375
1753.88562012	1517.6895752
1755.29870605	1491.14160156
1756.71166992	1478.81994629
1758.12463379	1462.07788086
1759.53759766	1459.25720215
1760.95056152	1454.18847656
1762.36352539	1428.09680176
1763.77648926	1411.04211426
1765.18945313	1389.29760742
1766.60241699	1359.22192383
1768.01538086	1358.55114746
1769.42834473	1371.24731445
1770.84130859	1359.25439453
1772.25439453	1346.49658203
1773.6673584	1332.52001953
1775.08032227	1353.45666504
1776.49328613	1334.04333496
1777.90625	1331.06079102
1779.31921387	1316.55102539
1780.73217773	1294.86865234
1782.1451416	1302.7409668
1783.55810547	1323.10351563
1784.97106934	1303.62609863
1786.3840332	1288.50366211
1787.79699707	1300.83337402
1789.20996094	1293.85314941
1790.62304688	1277.83190918
1792.03601074	1279.7277832
1793.44897461	1252.00671387
1794.86193848	1235.33837891
1796.27490234	1234.90307617
1797.68786621	1285.23730469
1799.10083008	1272.15356445
1800.51379395	1286.9642334
1801.92675781	1253.64245605
1803.33972168	1257.53796387
1804.75268555	1243.93969727
1806.16564941	1245.46032715
1807.57873535	1251.00537109
1808.99169922	1254.78369141
1810.40466309	1259.37341309
1811.81762695	1265.70031738
1813.23059082	1262.0222168
1814.64355469	1255.95556641
1816.05651855	1273.28393555
1817.46948242	1237.45654297
1818.88244629	1228.96142578
1820.29541016	1235.42919922
1821.70837402	1213.68908691
1823.12133789	1180.29101563
1824.53430176	1205.08703613
1825.9473877	1233.73400879
1827.36035156	1219.24853516
1828.77331543	1194.67407227
1830.1862793	1190.39978027
1831.59924316	1186.73449707
1833.01220703	1207.37158203
1834.4251709	1196.83483887
1835.83813477	1158.78845215
1837.25109863	1186.83740234
1838.6640625	1186.35620117
1840.07702637	1204.73571777
1841.48999023	1206.03112793
1842.90307617	1164.61132813
1844.31604004	1244.56848145
1845.72900391	1235.65356445
1847.14196777	1227.99560547
1848.55493164	1176.36621094
1849.96789551	1196.94824219
1851.38085938	1181.92419434
1852.79382324	1193.39404297
1854.20678711	1193.91687012
1855.61975098	1184.57287598
1857.03271484	1191.52258301
1858.44567871	1195.73181152
1859.85864258	1179.04284668
1861.27172852	1165.51733398
1862.68469238	1167.59375
1864.09765625	1140.52099609
1865.51062012	1189.11572266
1866.92358398	1180.70776367
1868.33654785	1176.16833496
1869.74951172	1166.73388672
1871.16247559	1154.62658691
1872.57543945	1166.37744141
1873.98840332	1192.46582031
1875.40136719	1149.45922852
1876.81433105	1131.39709473
1878.22741699	1144.1920166
1879.64038086	1146.45812988
1881.05334473	1135.02319336
1882.46630859	1135.08227539
1883.87927246	1130.50793457
1885.29223633	1119.8527832
1886.7052002	1133.35070801
1888.11816406	1115.01452637
1889.53112793	1116.24230957
1890.9440918	1091.08300781
1892.35705566	1113.07385254
1893.77001953	1082.99365234
1895.1829834	1082.04724121
1896.59606934	1042.61486816
1898.0090332	1037.18481445
1899.42199707	1011.00164795
1900.83496094	1018.84320068
1902.2479248	1056.3737793
1903.66088867	1031.83959961
1905.07385254	1020.7197876
1906.48681641	1025.5045166
1907.89978027	999.37097168
1909.31274414	979.196594238
1910.72570801	982.656433105
1912.13867188	970.285766602
1913.55175781	955.195678711
1914.96472168	947.799438477
1916.37768555	924.369750977
1917.79064941	900.451599121
1919.20361328	894.227294922
1920.61657715	864.318786621
1922.02954102	812.105834961
1923.44250488	800.15826416
1924.85546875	768.895874023
1926.26843262	739.678955078
1927.68139648	722.589599609
1929.09436035	668.671569824
1930.50744629	635.505737305
1931.92041016	600.37677002
1933.33337402	550.716308594
1934.74633789	483.112213135
1936.15930176	424.572052002
1937.57226563	380.103851318
1938.98522949	328.861450195
1940.39819336	284.337524414
1941.81115723	241.646743774
1943.22412109	201.940979004
1944.63708496	168.112319946
1946.05004883	157.443283081
1947.4630127	151.480239868
1948.87609863	142.847106934
1950.2890625	138.079360962
1951.70202637	133.315750122
1953.11499023	133.177246094
1954.5279541	129.660583496
1955.94091797	121.836936951
1957.35388184	120.750068665
1958.7668457	122.407714844
1960.17980957	117.213249207
1961.59277344	115.911323547
1963.0057373	118.808303833
1964.41870117	112.919288635
1965.83178711	108.478904724
1967.24475098	110.570724487
1968.65771484	106.237709045
1970.07067871	102.843986511
1971.48364258	109.178779602
1972.89660645	109.801620483
1974.30957031	103.404495239
1975.72253418	103.391227722
1977.13549805	99.1758804321
1978.54846191	99.16040802
1979.96142578	101.109405518
1981.37438965	98.2413406372
1982.78735352	98.0115203857
1984.20043945	104.297286987
1985.61340332	102.601776123
1987.02636719	104.476142883
1988.43933105	109.007019043
1989.85229492	106.559432983
1991.26525879	102.322319031
1992.67822266	102.929595947
1994.09118652	101.114295959
1995.50415039	100.765930176
1996.91711426	101.067687988
1998.33007813	97.8206710815
1999.74304199	96.5022659302
2001.15612793	95.446182251
2002.5690918	95.3550720215
2003.98205566	100.195930481
2005.39501953	95.082572937
2006.8079834	99.889465332
2008.22094727	104.871124268
2009.63391113	98.8993225098
2011.046875	97.4182357788
2012.45983887	98.8485870361
2013.87280273	94.5281219482
2015.2857666	105.100006104
2016.69873047	85.2272033691
2018.11169434	95.1469421387
2019.52478027	93.580696106
2020.93774414	100.542572021
2022.35070801	99.6142044067
2023.76367188	94.457862854
2025.17663574	93.1431121826
2026.58959961	91.1581878662
2028.00256348	86.9848709106
2029.41552734	92.3366241455
2030.82849121	97
2032.24145508	94.4579467773
2033.65441895	91.7071304321
2035.06738281	91.1084976196
2036.48046875	95.6853256226
2037.89343262	99.4540328979
2039.30639648	93.688331604
2040.71936035	93.2985229492
2042.13232422	95.6063995361
2043.54528809	90.3804550171
2044.95825195	93.9987335205
2046.37121582	95.0045852661
2047.78417969	102.781211853
2049.19726563	92.9931945801
2050.61010742	91.3578643799
2052.02319336	97.084274292
2053.43603516	92.2573394775
2054.84912109	101.538124084
2056.26196289	97.4072418213
2057.67504883	90.1006851196
2059.08789063	98.3851242065
2060.50097656	99.3467788696
2061.91381836	99.9812240601
2063.3269043	94.0616836548
2064.73999023	91.2847824097
2066.15283203	92.500213623
2067.56591797	94.3669052124
2068.97875977	94.5073013306
2070.3918457	95.2483825684
2071.8046875	92.6990661621
2073.21777344	89.5853271484
2074.63061523	88.7135391235
2076.04370117	90.8283004761
2077.45654297	93.2423171997
2078.86962891	94.0669555664
2080.28271484	96.7136383057
2081.69555664	94.5026702881
2083.10864258	90.763633728
2084.52148438	91.9956436157
2085.93457031	95.6472244263
2087.34741211	91.3612213135
2088.76049805	92
2090.17333984	92.0000076294
2091.58642578	91.1160964966
2092.99926758	84.418296814
2094.41235352	89.2397232056
2095.82519531	90
2097.23828125	90
2098.65136719	89.037940979
2100.06420898	94.5969696045
2101.47729492	87.7700195313
2102.89013672	89.6249084473
2104.30322266	85.7688751221
2105.71606445	90.724281311
2107.12915039	92
2108.54199219	88.3457717896
2109.95507813	89.3984603882
2111.36791992	88.6482772827
2112.78100586	89.4901351929
2114.19384766	87.469833374
2115.60693359	81.0193481445
2117.02001953	84.5571975708
2118.43286133	87.4047622681
2119.84594727	85.1139678955
2121.25878906	85.7467651367
2122.671875	86.1231155396
2124.0847168	86.3888015747
2125.49780273	86.2531433105
2126.91064453	84.0818099976
2128.32373047	86.4311065674
2129.73657227	88.9932861328
2131.1496582	92.2184677124
2132.5625	97.1904678345
2133.97558594	86
2135.38867188	83.927947998
2136.80151367	78
2138.21459961	79.0523452759
2139.62744141	83.9662704468
2141.04052734	87.7149658203
2142.45336914	85.3091430664
2143.86645508	85.7734832764
2145.27929688	83.746963501
2146.69238281	81.9994125366
2148.10522461	93.0185012817
2149.51831055	88.9210968018
2150.93139648	85.0099182129
2152.34423828	83.2450485229
2153.75732422	87.9569549561
2155.17016602	89.8738708496
2156.58325195	85.6439208984
2157.99609375	86.9692077637
2159.40917969	90.6504135132
2160.82202148	82.6153640747
2162.23510742	81.9832458496
2163.64794922	79.645614624
2165.06103516	82.8871765137
2166.47387695	84
2167.88696289	80.3203887939
2169.30004883	81.8606872559
2170.71289063	82.4441375732
2172.12597656	78.1542434692
2173.53881836	80.6467514038
2174.9519043	83
2176.36474609	83.1224212646
2177.77783203	84.2696151733
2179.19067383	87.9904022217
2180.60375977	87.9756011963
2182.01660156	84.0514526367
2183.4296875	77.5367202759
2184.8425293	74.1979675293
2186.25561523	77.6035079956
2187.66870117	81.494468689
2189.08154297	83
2190.49462891	84.2786026001
2191.9074707	84.856086731
2193.32055664	82.3402099609
2194.73339844	79.9545974731
2196.14648438	78.1283340454
2197.55932617	78.3387832642
2198.97241211	80.2861022949
2200.38525391	84.280380249
2201.79833984	85.9895858765
2203.21142578	80.8800430298
2204.62426758	77.444152832
2206.03735352	83.0420837402
2207.45019531	80.2684555054
2208.86328125	79.9121398926
2210.27612305	77.4995346069
2211.68920898	86.411857605
2213.10205078	78.7089233398
2214.51513672	79.2548980713
2215.92797852	90.2789154053
2217.34106445	83.3790512085
2218.75390625	77.1786956787
2220.16699219	76.736038208
2221.58007813	74.3120574951
2222.99291992	78.2477416992
2224.40600586	78.6401290894
2225.81884766	71.2254867554
2227.23193359	72.0792312622
2228.64477539	76.0340194702
2230.05786133	80.9650115967
2231.47070313	67.4711914063
2232.88378906	77.6539535522
2234.29663086	79.1460189819
2235.7097168	75.4291915894
2237.12255859	74.083404541
2238.53564453	78.7769241333
2239.94873047	73.5747756958
2241.36157227	71.2105407715
2242.7746582	85.1348114014
2244.1875	83.5108642578
2245.60058594	85.5843048096
2247.01342773	78.3430175781
2248.42651367	71.9591598511
2249.83935547	78.4591598511
2251.25244141	80.8184356689
2252.6652832	76.3111877441
2254.07836914	83.0246810913
2255.49121094	82.633605957
2256.90429688	82.1552276611
2258.31738281	83.5855026245
2259.73022461	81.8695144653
2261.14331055	81.8010559082
2262.55615234	76.2132263184
2263.96923828	80.0621490479
2265.38208008	82.779296875
2266.79516602	81.6175308228
2268.20800781	81.9079818726
2269.62109375	85.6516342163
2271.03393555	89.7166061401
2272.44702148	92.927482605
2273.86010742	91.9166030884
2275.27294922	87.8808746338
2276.68603516	88.1076660156
2278.09887695	89.2897415161
2279.51196289	88.9822540283
2280.92480469	91.0296478271
2282.33789063	91.1608963013
2283.75073242	90.8535690308
2285.16381836	97.9055252075
2286.57666016	99.2747421265
2287.98974609	99.7802505493
2289.40258789	103.323196411
2290.81567383	93.2458343506
2292.22875977	90.8044052124
2293.64160156	95.0503540039
2295.0546875	94.4023132324
2296.4675293	97.902015686
2297.88061523	102.351890564
2299.29345703	105.489761353
2300.70654297	104.628288269
2302.11938477	96.6508102417
2303.5324707	98.8742141724
2304.9453125	104.223770142
2306.35839844	99.0238723755
2307.77124023	98.9507141113
2309.18432617	96.7731018066
2310.59741211	97.4367675781
2312.01025391	95.5637893677
2313.42333984	92.4225540161
2314.83618164	92.8773803711
2316.24926758	96.0580291748
2317.66210938	92.8084716797
2319.07519531	88.7946624756
2320.48803711	89.8318710327
2321.90112305	83.9107971191
2323.31396484	87.2176589966
2324.72705078	92.467666626
2326.13989258	93.5741577148
2327.55297852	105.917243958
2328.96606445	110.152206421
2330.37890625	108.444961548
2331.79199219	106.861991882
2333.20483398	98.1278381348
2334.61791992	87.1570129395
2336.03076172	82.3208694458
2337.44384766	85.917640686
2338.85668945	85.6938095093
2340.26977539	83.639213562
2341.68261719	85.6249465942
2343.09570313	84.9277114868
2344.50878906	85.4816665649
2345.92163086	87.5904541016
2347.3347168	84.6720504761
2348.74755859	83.1277542114
2350.16064453	87.1546630859
2351.57348633	91.4134521484
2352.98657227	89.0002441406
2354.39941406	80.4257736206
2355.8125	81.7634353638
2357.2253418	86.3487243652
2358.63842773	85.5581665039
2360.05126953	86.0498428345
2361.46435547	88.887802124
2362.87744141	92.5644836426
2364.2902832	88.1160125732
2365.70336914	88.80443573
2367.11621094	89.2166748047
2368.52929688	88.2101211548
2369.94213867	90.3668136597
2371.35522461	93.340461731
2372.76806641	93.2967834473
2374.18115234	89.6700744629
2375.59399414	90.3765487671
2377.00708008	90.2221603394
2378.41992188	90.9624328613
2379.83300781	91.5871429443
2381.24609375	92.9390182495
2382.65893555	94.2655258179
2384.07202148	91.626625061
2385.48486328	96.9753112793
2386.89794922	97.3337631226
2388.31079102	95.0088272095
2389.72387695	97.1036300659
2391.13671875	93.5995178223
2392.54980469	94.1364440918
2393.96264648	93.7556762695
2395.37573242	94.6045074463
2396.78857422	93.8656387329
2398.20166016	95.2205581665
2399.61474609	98.1878356934
2401.02758789	95.1445007324
2402.44067383	97.4555664063
2403.85351563	98.3284606934
2405.26660156	89.6425704956
2406.67944336	92.7283935547
2408.0925293	98.5026855469
2409.50537109	98.0550460815
2410.91845703	92.476776123
2412.33129883	94.4285964966
2413.74438477	98.0972061157
2415.1574707	90.5079956055
2416.5703125	97.8034286499
2417.98339844	96.0908050537
2419.39624023	101.638298035
2420.80932617	91.0779800415
2422.22216797	88.8036575317
2423.63525391	95.94972229
2425.0480957	93.5651931763
2426.46118164	93.7274627686
2427.87402344	93.4261932373
2429.28710938	90.3357543945
2430.69995117	85.7849807739
2432.11303711	91.4104156494
2433.52612305	92.8084335327
2434.93896484	88.9440765381
2436.35205078	94.2432861328
2437.76489258	84.5897140503
2439.17797852	95.1852340698
2440.59082031	95.1104278564
2442.00390625	94.8904266357
2443.41674805	93.3789901733
2444.82983398	92.1188735962
2446.24267578	100.243217468
2447.65576172	94.855758667
2449.06860352	97.962348938
2450.48168945	92.566947937
2451.89477539	97.8575439453
2453.30761719	94.9192962646
2454.72070313	96.9828262329
2456.13354492	99.9906082153
2457.54663086	101.774208069
2458.95947266	100.29158783
2460.37255859	102.037498474
2461.78540039	96.5283660889
2463.19848633	98.7971343994
2464.61132813	97.4339294434
2466.02441406	95.5022735596
2467.4375	95.6691436768
2468.8503418	99.1425933838
2470.26342773	93.3905181885
2471.67626953	90.0426864624
2473.08935547	98.7294692993
2474.50219727	97.142288208
2475.9152832	90.0024795532
2477.328125	90.7241592407
2478.74121094	98.5240020752
2480.15405273	92.2532043457
2481.56713867	88.8360595703
2482.97998047	88.4464035034
2484.39306641	90.7584533691
2485.80615234	91.3605422974
2487.21899414	89.5603103638
2488.63208008	88.973777771
2490.04492188	88.1078720093
2491.45800781	90.8357467651
2492.87084961	87.2319793701
2494.28393555	86.6298599243
2495.69677734	87.061706543
2497.10986328	84.6016769409
2498.52270508	85.0011825562
2499.93579102	92.0438613892
2501.34863281	87.9222335815
2502.76171875	85.6086883545
2504.17480469	85.1247406006
2505.58764648	83.1685943604
2507.00073242	85.1783599854
2508.41357422	84.9268493652
2509.82666016	89.3669662476
2511.23950195	85.9509124756
2512.65258789	87.007598877
2514.06542969	82.939994812
2515.47851563	80.3818359375
2516.89135742	82.3464126587
2518.30444336	81.1985626221
2519.71728516	83.5196990967
2521.13037109	83.9657974243
2522.54345703	83.3637466431
2523.95629883	85.1454696655
2525.36938477	80.2752380371
2526.78222656	79.3980941772
2528.1953125	79.8397369385
2529.6081543	81.149230957
2531.02124023	78.9028244019
2532.43408203	75.4744338989
2533.84716797	83.0758056641
2535.26000977	82.3845443726
2536.6730957	79.9561843872
2538.08618164	83.7095947266
2539.49902344	81.6418991089
2540.91210938	84.6215438843
2542.32495117	79.0838394165
2543.73803711	81.2710189819
2545.15087891	81.6526031494
2546.56396484	81.9571762085
2547.97680664	80.7467422485
2549.38989258	81.0424118042
2550.80273438	82.6601867676
2552.21582031	80.1084823608
2553.62866211	82.0004272461
2555.04174805	80.7311172485
2556.45483398	82.3965454102
2557.86767578	79.2441635132
2559.28076172	81.118057251
2560.69360352	86.3484191895
2562.10668945	83.2249603271
2563.51953125	79.1475830078
2564.93261719	79.7434921265
2566.34545898	79.8511734009
2567.75854492	77.0885467529
2569.17138672	78.720123291
2570.58447266	79.6598434448
2571.99731445	77.4664306641
2573.41040039	80.7239608765
2574.82348633	82.3779220581
2576.23632813	80.3830871582
2577.64941406	83.2974395752
2579.06225586	80.4546737671
2580.4753418	79.8180923462
2581.88818359	80.2386779785
2583.30126953	83.5240783691
2584.71411133	80.4056396484
2586.12719727	82.1859054565
2587.54003906	78.3261489868
2588.953125	79.5818634033
2590.3659668	81.4210128784
2591.77905273	89.0680007935
2593.19213867	76.8501052856
2594.60498047	81.3734207153
2596.01806641	82.179359436
2597.4309082	77.336151123
2598.84399414	76.6577835083
2600.25683594	75.5606918335
2601.66992188	80.095741272
2603.08276367	85.867980957
2604.49584961	83.7466812134
2605.90869141	79.7365646362
2607.32177734	78.9763870239
2608.73486328	78.8650970459
2610.14770508	77.4298171997
2611.56079102	78.3923492432
2612.97363281	81.1752243042
2614.38671875	85.5664978027
2615.79956055	81.4475860596
2617.21264648	84.6138381958
2618.62548828	86.1463928223
2620.03857422	80.2114486694
2621.45141602	79.7087478638
2622.86450195	84.0881729126
2624.27734375	81.678062439
2625.69042969	85.025062561
2627.10351563	87.9825973511
2628.51635742	88.4745407104
2629.92944336	88.8594894409
2631.34228516	87.4859924316
2632.75537109	86.9322738647
2634.16821289	93.1527938843
2635.58129883	94.6289672852
2636.99414063	96.4293823242
2638.40722656	95.2301864624
2639.82006836	99.5048370361
2641.2331543	96.5715484619
2642.64599609	97.2080078125
2644.05908203	109.163642883
2645.47216797	106.181526184
2646.88500977	114.624015808
2648.2980957	106.946784973
2649.7109375	115.669128418
2651.12402344	125.142784119
2652.53686523	130.682693481
2653.94995117	138.898239136
2655.36279297	147.964233398
2656.77587891	152.142501831
2658.1887207	156.035949707
2659.60180664	165.661468506
2661.01489258	183.039520264
2662.42773438	200.730194092
2663.84082031	212.621139526
2665.25366211	232.263076782
2666.66674805	247.320083618
2668.07958984	276.106719971
2669.49267578	303.475708008
2670.90551758	311.27166748
2672.31860352	337.029937744
2673.73144531	373.444641113
2675.14453125	375.707061768
2676.55737305	388.693908691
2677.97045898	411.321838379
2679.38354492	417.650390625
2680.79638672	405.822784424
2682.20947266	409.777923584
2683.62231445	406.726593018
2685.03540039	381.280548096
2686.44824219	369.176849365
2687.86132813	355.641418457
2689.27416992	329.526000977
2690.68725586	308.537750244
2692.10009766	287.477203369
2693.51318359	260.821624756
2694.92602539	237.475372314
2696.33911133	223.442611694
2697.75219727	205.102340698
2699.16503906	178.737686157
2700.578125	172.720718384
2701.9909668	163.467514038
2703.40405273	152.399932861
2704.81689453	141.175628662
2706.22998047	147.988128662
2707.64282227	133.32585144
2709.0559082	126.024635315
2710.46875	114.042732239
2711.88183594	121.322753906
2713.29467773	113.489524841
2714.70776367	105.55291748
2716.12084961	103.433547974
2717.53369141	103.565635681
2718.94677734	100.422546387
2720.35961914	94.1928634644
2721.77270508	92.27734375
2723.18554688	97.0855789185
2724.59863281	94.7381896973
2726.01147461	90.3741149902
2727.42456055	93.8100738525
2728.83740234	83.1927642822
2730.25048828	82.2322158813
2731.66357422	85.97681427
2733.07641602	85.7918930054
2734.48950195	89.3449783325
2735.90234375	89.2289352417
2737.31542969	82.9561157227
2738.72827148	85.0726547241
2740.14135742	82.6855621338
2741.55419922	82.1890487671
2742.96728516	81.7942199707
2744.38012695	85.3055496216
2745.79321289	88.6186447144
2747.20605469	86.0399398804
2748.61914063	85.6003799438
2750.03222656	82.4027023315
2751.44506836	81.7991714478
2752.8581543	82.535446167
2754.27099609	80.3263473511
2755.68408203	77.4103012085
2757.09692383	79.9608078003
2758.51000977	83.0397415161
2759.92285156	81.598487854
2761.3359375	75.9435653687
2762.7487793	78.7192306519
2764.16186523	77.5665359497
2765.57470703	79.6751098633
2766.98779297	81.4208068848
2768.40087891	78.4262619019
2769.8137207	71.5608444214
2771.22680664	76.8022766113
2772.63964844	71.607673645
2774.05273438	74.0483779907
2775.46557617	82.7928466797
2776.87866211	77.3608551025
2778.29150391	71.1201705933
2779.70458984	76.6444625854
2781.11743164	78.9224624634
2782.53051758	76.3652801514
2783.94335938	78.0180206299
2785.35644531	81.1401672363
2786.76953125	68.2440719604
2788.18237305	80.261138916
2789.59545898	73.4233093262
2791.00830078	80.4614181519
2792.42138672	74.6786422729
2793.83422852	76.7554473877
2795.24731445	79.4329986572
2796.66015625	76.7776947021
2798.07324219	76.8439025879
2799.48608398	79.4718551636
2800.89916992	76.8739852905
2802.31225586	84.4938583374
2803.72509766	79.101272583
2805.13818359	74.4687957764
2806.55102539	79.9873580933
2807.96411133	75.503036499
2809.37695313	73.8080368042
2810.79003906	76.3290328979
2812.20288086	73.1752166748
2813.6159668	65.6521987915
2815.02880859	76.3873519897
2816.44189453	68.6662979126
2817.85473633	82.4202575684
2819.26782227	79.0771636963
2820.6809082	76.5591659546
2822.09375	73.6816864014
2823.50683594	76.2282028198
2824.91967773	74.5056533813
2826.33276367	79.5669326782
2827.74560547	75.2179336548
2829.15869141	74.7523803711
2830.5715332	77.4130554199
2831.98461914	77.4538726807
2833.39746094	78.3816833496
2834.81054688	71.6253051758
2836.22338867	79.5993499756
2837.63647461	79.725769043
2839.04956055	72.3838882446
2840.46240234	81.2081756592
2841.87548828	82.6129608154
2843.28833008	76.1975479126
2844.70141602	74.4639663696
2846.11425781	76.684753418
2847.52734375	77.1792449951
2848.94018555	77.7711181641
2850.35327148	72.0701751709
2851.76611328	84.0319366455
2853.17919922	79.5522537231
2854.59228516	83.4331512451
2856.00512695	76.7675247192
2857.41821289	79.5176696777
2858.83105469	75.9870605469
2860.24414063	72.9593048096
2861.65698242	78.376953125
2863.07006836	77.5325088501
2864.48291016	76.5038375854
2865.89599609	72.6617050171
2867.30883789	72.2488937378
2868.72192383	73.12474823
2870.13476563	79.4013214111
2871.54785156	73.3354492188
2872.9609375	78.680770874
2874.3737793	73.5447845459
2875.78686523	71.7781066895
2877.19970703	76.8380661011
2878.61279297	79.7718276978
2880.02563477	81.4540863037
2881.4387207	75.9131317139
2882.8515625	79.006980896
2884.26464844	79.7046203613
2885.67749023	74.5031585693
2887.09057617	78.1952590942
2888.50341797	83.624206543
2889.91650391	81.0545425415
2891.32958984	80.4074172974
2892.74243164	82.3801879883
2894.15551758	76.5172042847
2895.56835938	78.3197631836
2896.98144531	80.4968261719
2898.39428711	74.3597717285
2899.80737305	78.5754013062
2901.22021484	77.2051010132
2902.63330078	81.9013748169
2904.04614258	76.2125320435
2905.45922852	76.5247268677
2906.87207031	77.1946258545
2908.28515625	76.5423736572
2909.69824219	78.7427902222
2911.11108398	77.173286438
2912.52416992	75.5720596313
2913.93701172	75.7191543579
2915.35009766	80.4130325317
2916.76293945	82.0006713867
2918.17602539	77.1937561035
2919.58886719	79.7440490723
2921.00195313	80.9533233643
2922.41479492	84.1228256226
2923.82788086	82.0115890503
2925.2409668	76.4429092407
2926.65380859	77.0517959595
2928.06689453	75.3174438477
2929.47973633	85.1849365234
2930.89282227	75.2985153198
2932.30566406	76.1199874878
2933.71875	74.4287109375
2935.1315918	79.3724899292
2936.54467773	75.6105270386
2937.95751953	78.4138183594
2939.37060547	73.1940002441
2940.78344727	75.6428527832
2942.1965332	77.2296218872
2943.60961914	77.3092346191
2945.02246094	72.231628418
2946.43554688	75.6989593506
2947.84838867	80.6403121948
2949.26147461	84.0245819092
2950.67431641	84.4208068848
2952.08740234	76.6866836548
2953.50024414	75.5097732544
2954.91333008	80.9214401245
2956.32617188	79.1380004883
2957.73925781	81.8609848022
2959.15209961	80.3024368286
2960.56518555	79.1262741089
2961.97827148	76.9413223267
2963.39111328	83.6499633789
2964.80419922	80.3107376099
2966.21704102	77.5743179321
2967.63012695	74.9336547852
2969.04296875	76.8034362793
2970.45605469	81.5231246948
2971.86889648	77.4489364624
2973.28198242	71.0470657349
2974.69482422	76.3435516357
2976.10791016	74.5732955933
2977.52075195	79.6479644775
2978.93383789	77.9546051025
2980.34692383	79.0601654053
2981.75976563	83.8203430176
2983.17285156	81.0511856079
2984.58569336	74.1504669189
2985.9987793	76.3020401001
2987.41162109	73.0729751587
2988.82470703	84.0733413696
2990.23754883	83.5306015015
2991.65063477	78.2556915283
2993.06347656	76.0539398193
2994.4765625	71.7082977295
2995.88964844	75.9225540161
2997.30249023	81.6629486084
2998.71557617	77.054359436
3000.12841797	79.3116760254
3001.54150391	76.4898910522
3002.9543457	80.0157546997
3004.36743164	84.2107009888
3005.78027344	84.4722671509
3007.19335938	76.7556381226
3008.60620117	78.9278259277
3010.01928711	84.7648849487
3011.43212891	78.953125
3012.84521484	80.6218795776
3014.25830078	79.5257873535
3015.67114258	75.2275924683
3017.08422852	76.6620178223
3018.49707031	77.8744812012
3019.91015625	80.0018463135
3021.32299805	77.4208068848
3022.73608398	77.5246810913
3024.14892578	75.1360549927
3025.56201172	76.4575195313
3026.97485352	78.4452667236
3028.38793945	82.1368942261
3029.80078125	77.7315368652
3031.21386719	76.3334197998
3032.62695313	71.6035308838
3034.03979492	82.0881118774
3035.45288086	76.5694351196
3036.86572266	77.9043045044
3038.27880859	79.4208068848
3039.69165039	79.1309204102
3041.10473633	75.6136703491
3042.51757813	73.1605224609
3043.93066406	77.6794662476
3045.34350586	78.8770980835
3046.7565918	78.4537963867
3048.16967773	77.7488327026
3049.58251953	82.1873474121
3050.99560547	76.2385177612
3052.40844727	75.1428909302
3053.8215332	75.5418701172
3055.234375	74.6056289673
3056.64746094	73.8623428345
3058.06030273	78.1748428345
3059.47338867	79.4208068848
3060.88623047	78.8426055908
3062.29931641	72.092918396
3063.7121582	77.4360656738
3065.12524414	78.322845459
3066.53833008	80.454536438
3067.95117188	78.4605102539
3069.36425781	79.5008773804
3070.77709961	77.7104187012
3072.19018555	73.7222137451
3073.60302734	73.3476867676
3075.01611328	69.4382858276
3076.42895508	80.5023193359
3077.84204102	75.5155487061
3079.25488281	77.9767379761
3080.66796875	74.262008667
3082.08081055	78.1122283936
3083.49389648	78.1209716797
3084.90698242	81.5736618042
3086.31982422	82.6757278442
3087.73291016	83.6560974121
3089.14575195	87.0585479736
3090.55883789	78.1489562988
3091.97167969	69.7070236206
3093.38476563	79.4039764404
3094.79760742	83.277053833
3096.21069336	81.4088668823
3097.62353516	78.8546600342
3099.03662109	77.1342086792
3100.44946289	80.1021499634
3101.86254883	80.6768569946
3103.27563477	82.1141662598
3104.68847656	81.4713897705
3106.1015625	68.7886810303
3107.5144043	76.2003860474
3108.92749023	79.6419296265
3110.34033203	79.7236328125
3111.75341797	81.4036026001
3113.16625977	78.7440490723
3114.5793457	83.4790267944
3115.9921875	79.4973220825
3117.40527344	76.5708465576
3118.81835938	72.4544906616
3120.23120117	74.1285629272
3121.64428711	80.8807144165
3123.05712891	80.8051528931
3124.47021484	80.7976379395
3125.88305664	78.9346160889
3127.29614258	77.5021209717
3128.70898438	78.7440490723
3130.12207031	80.1527938843
3131.53491211	84.5143585205
3132.94799805	80.7266921997
3134.36083984	80.4208068848
3135.77392578	79.0750045776
3137.18701172	77.6834869385
3138.59985352	79.9641952515
3140.01293945	78.0192489624
3141.42578125	78.9216461182
3142.83886719	84.5481567383
3144.25170898	82.066947937
3145.66479492	83.4208068848
3147.07763672	82.0377655029
3148.49072266	74.9913101196
3149.90356445	78.3137207031
3151.31665039	78.5497741699
3152.72949219	82.3218917847
3154.14257813	80.4560546875
3155.55566406	78.0812072754
3156.96850586	75.0131988525
3158.3815918	79.4694976807
3159.79443359	81.4357452393
3161.20751953	80.4755783081
3162.62036133	85.5235900879
3164.03344727	84.0666122437
3165.44628906	76.8173141479
3166.859375	78.4136123657
3168.2722168	80.5485076904
3169.68530273	85.3326416016
3171.09814453	80.3906784058
3172.51123047	78.748588562
3173.92431641	75.5139083862
3175.3371582	77.3736572266
3176.75024414	75.6194763184
3178.16308594	81.6050415039
3179.57617188	81.4323806763
3180.98901367	84.3846435547
3182.40209961	74.1254653931
3183.81494141	83.1557312012
3185.22802734	78.5164031982
3186.64086914	78.6615905762
3188.05395508	83.3560638428
3189.46704102	85.0578918457
3190.87988281	79.5509338379
3192.29296875	75.2421798706
3193.70581055	85.7454147339
3195.11889648	84.4697113037
3196.53173828	83.4413757324
3197.94482422	81.3274154663
3199.35766602	82.4167709351
3200.77075195	77.85206604
3202.18359375	79.1242599487
3203.59667969	82.6434555054
3205.00952148	80.0644836426
3206.42260742	81.2700042725
3207.83569336	85.043258667
3209.24853516	76.5290374756
3210.66162109	75.1394271851
3212.07446289	78.4207992554
3213.48754883	83.3814163208
3214.90039063	89.0225753784
3216.31347656	89.460067749
3217.72631836	84.3059310913
3219.1394043	72.7454223633
3220.55224609	76.7017974854
3221.96533203	71.9022674561
3223.37817383	73.1760253906
3224.79125977	76.9349060059
3226.2043457	81.0116729736
3227.6171875	79.7830657959
3229.03027344	77.1509094238
3230.44311523	77.400604248
3231.85620117	82.8826217651
3233.26904297	88.4951400757
3234.68212891	92.7584609985
3236.0949707	91.7277679443
3237.50805664	88.3880691528
3238.92089844	88.8347015381
3240.33398438	88.8588256836
3241.74707031	88.4356460571
3243.15991211	94.1484603882
3244.57299805	101.73299408
3245.98583984	97.4175491333
3247.39892578	106.522529602
3248.81176758	115.727844238
3250.22485352	103.232437134
3251.63769531	108.400016785
3253.05078125	109.468406677
3254.46362305	111.276664734
3255.87670898	103.094490051
3257.28955078	91.095413208
3258.70263672	90.7874450684
3260.11572266	95.0037765503
3261.52856445	88.5500411987
3262.94165039	95.5147399902
3264.35449219	90.0223770142
3265.76757813	82.4707717896
3267.18041992	81.0616912842
3268.59350586	85.3969192505
3270.00634766	85.0654373169
3271.41943359	84.408706665
3272.83227539	77.8854675293
3274.24536133	87.5173034668
3275.65820313	86.4526901245
3277.07128906	75.7788238525
3278.484375	80.1594467163
3279.8972168	85.9211349487
3281.31030273	83.5295181274
3282.72314453	85.5249710083
3284.13623047	86.3631134033
3285.54907227	77.6526489258
3286.9621582	86.2738952637
3288.375	81.5818634033
3289.78808594	82.22315979
3291.20092773	80.4724731445
3292.61401367	81.3394012451
3294.02685547	80.8950500488
3295.43994141	85.4759292603
3296.85302734	83.5816497803
3298.26586914	80.5551757813
3299.67895508	88.1888046265
3301.09179688	82.9324645996
3302.50488281	81.9032058716
3303.91772461	86.7310943604
3305.33081055	77.6705474854
3306.74365234	83.1713409424
3308.15673828	84.6681900024
3309.56958008	80.4697341919
3310.98266602	81.8898468018
3312.39575195	88.4001998901
3313.80859375	88.4148330688
3315.22167969	81.8799972534
3316.63452148	78.2640991211
3318.04760742	77.7440490723
3319.46044922	82.0574951172
3320.87353516	77.3086624146
3322.28637695	82.4208068848
3323.69946289	84.1040267944
3325.11230469	83.1714401245
3326.52539063	78.3694076538
3327.93823242	78.3379135132
3329.35131836	88.7099151611
3330.7644043	78.986289978
3332.17724609	86.7755508423
3333.59033203	83.4029388428
3335.00317383	81.7615509033
3336.41625977	80.737953186
3337.82910156	77.8864593506
3339.2421875	75.6047058105
3340.6550293	82.28490448
3342.06811523	79.2266540527
3343.48095703	83.8383789063
3344.89404297	80.8398971558
3346.30688477	84.2552719116
3347.7199707	84.0230331421
3349.13305664	77.7555160522
3350.54589844	85.4174194336
3351.95898438	78.5542831421
3353.37182617	83.9659805298
3354.78491211	87.6034698486
3356.19775391	83.502494812
3357.61083984	85.9882965088
3359.02368164	84.4418029785
3360.43676758	86.1437530518
3361.84960938	80.0709991455
3363.26269531	84.3006439209
3364.67553711	82.8489685059
3366.08862305	88.7164916992
3367.50170898	76.5570907593
3368.91455078	73.7501983643
3370.32763672	82.2398910522
3371.74047852	83.46875
3373.15356445	79.6901931763
3374.56640625	80.46900177
3375.97949219	81.6510238647
3377.39233398	86.1270294189
3378.80541992	79.7510528564
3380.21826172	82.2527008057
3381.63134766	78.9270629883
3383.04443359	83.467010498
3384.45727539	89.5718307495
3385.87036133	90.9412231445
3387.28320313	87.0667037964
3388.69628906	88.3564987183
3390.10913086	74.9691162109
3391.5222168	82.1016464233
3392.93505859	81.8877487183
3394.34814453	84.8805389404
3395.76098633	84.8956222534
3397.17407227	75.3167724609
3398.58691406	82.9721984863
3400	78.4349594116
