1200	970.932739258
1201.41296387	958.531860352
1202.82592773	974.18347168
1204.2388916	992.051513672
1205.65185547	973.953308105
1207.06481934	928.756774902
1208.4777832	916.938659668
1209.89086914	921.647827148
1211.30383301	889.891723633
1212.71679688	862.341064453
1214.12976074	860.510925293
1215.54272461	869.436889648
1216.95568848	873.058105469
1218.36865234	820.66583252
1219.78161621	817.25
1221.19458008	810.796020508
1222.60754395	788.668884277
1224.02050781	774.980163574
1225.43347168	773.853820801
1226.84655762	768.623168945
1228.25952148	765.899597168
1229.67248535	750.204223633
1231.08544922	732.953125
1232.49841309	713.40447998
1233.91137695	712.684814453
1235.32434082	711.699645996
1236.73730469	706.960205078
1238.15026855	716.361206055
1239.56323242	715.718566895
1240.97619629	671.057250977
1242.38916016	660.716186523
1243.80212402	671.075683594
1245.21520996	679.225585938
1246.62817383	679.383300781
1248.0411377	670.604553223
1249.45410156	658.081420898
1250.86706543	673.213317871
1252.2800293	677.671447754
1253.69299316	663.036743164
1255.10595703	642.394165039
1256.5189209	619.416381836
1257.93188477	594.474121094
1259.34484863	574.346069336
1260.7578125	566.638977051
1262.17089844	559.582946777
1263.5838623	551.695861816
1264.99682617	530.222595215
1266.40979004	514.927001953
1267.82275391	521.64465332
1269.23571777	535.723510742
1270.64868164	543.532287598
1272.06164551	541.140991211
1273.47460938	516.618164063
1274.88757324	538.5546875
1276.30053711	547.438049316
1277.71350098	555.272827148
1279.12646484	540.331542969
1280.53955078	535.146484375
1281.95251465	548.637634277
1283.36547852	553.393859863
1284.77844238	542.838684082
1286.19140625	541.163879395
1287.60437012	566.352050781
1289.01733398	568.142822266
1290.43029785	564.656799316
1291.84326172	564.006958008
1293.25622559	573.634399414
1294.66918945	589.309265137
1296.08215332	587.898376465
1297.49523926	572.145324707
1298.90820313	590.510192871
1300.32116699	577.196411133
1301.73413086	578.405822754
1303.14709473	587.692138672
1304.56005859	573.479309082
1305.97302246	544.559387207
1307.38598633	549.062744141
1308.7989502	564.222839355
1310.21191406	545.639343262
1311.62487793	539.982849121
1313.0378418	524.620666504
1314.45092773	515.788452148
1315.8638916	505.138916016
1317.27685547	498.350860596
1318.68981934	499.138214111
1320.1027832	469.243927002
1321.51574707	462.18661499
1322.92871094	455.128448486
1324.3416748	459.931213379
1325.75463867	463.871948242
1327.16760254	448.259002686
1328.58056641	439.07019043
1329.99353027	446.534973145
1331.40649414	433.313903809
1332.81958008	412.919586182
1334.23254395	411.152801514
1335.64550781	414.232421875
1337.05847168	408.77166748
1338.47143555	424.484161377
1339.88439941	431.151397705
1341.29736328	415.421295166
1342.71032715	401.918273926
1344.12329102	404.885986328
1345.53625488	404.001403809
1346.94921875	398.783203125
1348.36218262	397.252624512
1349.77526855	400.987243652
1351.18823242	402.503662109
1352.60119629	396.936126709
1354.01416016	396.321929932
1355.42712402	413.817687988
1356.84008789	429.255706787
1358.25305176	431.996429443
1359.66601563	423.538116455
1361.07897949	430.927154541
1362.49194336	447.879638672
1363.90490723	450.89276123
1365.31787109	455.293670654
1366.73083496	471.379943848
1368.1439209	471.201263428
1369.55688477	445.634521484
1370.96984863	466.925964355
1372.3828125	481.527496338
1373.79577637	484.752838135
1375.20874023	485.672485352
1376.6217041	500.685913086
1378.03466797	503.69921875
1379.44763184	498.320495605
1380.8605957	533.380615234
1382.27355957	550.234558105
1383.68652344	553.871643066
1385.09960938	573.306884766
1386.51257324	593.752929688
1387.92553711	603.777160645
1389.33850098	623.665466309
1390.75146484	649.647033691
1392.16442871	661.32824707
1393.57739258	662.086181641
1394.99035645	685.499633789
1396.40332031	678.465087891
1397.81628418	688.221252441
1399.22924805	698.834716797
1400.64221191	677.680114746
1402.05517578	647.102050781
1403.46826172	639.784667969
1404.88122559	643.276855469
1406.29418945	623.769836426
1407.70715332	617.122558594
1409.12011719	606.429931641
1410.53308105	621.650024414
1411.94604492	602.932189941
1413.35900879	587.608825684
1414.77197266	572.186706543
1416.18493652	554.340637207
1417.59790039	545.307373047
1419.01086426	546.603881836
1420.4239502	533.531005859
1421.83691406	528.969055176
1423.24987793	521.829223633
1424.6628418	520.284118652
1426.07580566	514.623291016
1427.48876953	506.268615723
1428.9017334	501.10269165
1430.31469727	487.649078369
1431.72766113	467.319946289
1433.140625	467.883605957
1434.55358887	449.898986816
1435.96655273	446.235748291
1437.3795166	424.252960205
1438.79260254	405.440826416
1440.20556641	411.941833496
1441.61853027	391.359466553
1443.03149414	373.081604004
1444.44445801	376.754211426
1445.85742188	358.653381348
1447.27038574	342.908325195
1448.68334961	349.993560791
1450.09631348	338.358612061
1451.50927734	329.163604736
1452.92224121	331.905731201
1454.33520508	326.444824219
1455.74829102	321
1457.16125488	326.322906494
1458.57421875	332.875
1459.98718262	332.502319336
1461.40014648	360.328186035
1462.81311035	376.401428223
1464.22607422	398.607879639
1465.63903809	468.31036377
1467.05200195	577.359680176
1468.46496582	767.355773926
1469.87792969	1006.86547852
1471.29089355	1251.64123535
1472.70385742	1498.24047852
1474.11694336	1754.31506348
1475.52990723	2003.32568359
1476.94287109	2189.44946289
1478.35583496	2188.99267578
1479.76879883	2142.91455078
1481.1817627	2069.79272461
1482.59472656	2050.02099609
1484.00769043	2047.07446289
1485.4206543	2052.39257813
1486.83361816	2094.47094727
1488.24658203	2110.78173828
1489.6595459	2181.10375977
1491.07263184	2202.80175781
1492.4855957	2265.08642578
1493.89855957	2359.86376953
1495.31152344	2473.05004883
1496.7244873	2614.17529297
1498.13745117	2786.80224609
1499.55041504	2993.78540039
1500.96337891	3277.71972656
1502.37634277	3684.29296875
1503.78930664	4074.48217773
1505.20227051	4445.12890625
1506.61523438	4726.44335938
1508.02832031	4991.26269531
1509.44128418	5202.54541016
1510.85424805	5463.33251953
1512.26721191	5746.56152344
1513.68017578	5976.81982422
1515.09313965	6148.06347656
1516.50610352	6267.11962891
1517.91906738	6234.13867188
1519.33203125	6170.97753906
1520.74499512	6068.51953125
1522.15795898	6044.08251953
1523.57092285	5980.10107422
1524.98388672	5954.60400391
1526.39697266	5784.25439453
1527.80993652	5568.33154297
1529.22290039	5451.67919922
1530.63586426	5341.44677734
1532.04882813	5286.79833984
1533.46179199	5260.85351563
1534.87475586	5168.44433594
1536.28771973	5205.87060547
1537.70068359	5107.86474609
1539.11364746	5068.72998047
1540.52661133	5044.08886719
1541.9395752	4981.82666016
1543.35266113	4869.30371094
1544.765625	4693.25341797
1546.17858887	4443.42773438
1547.59155273	4122.72900391
1549.0045166	3731.15820313
1550.41748047	3499.13574219
1551.83044434	3179.36547852
1553.2434082	3069.36425781
1554.65637207	2975.38354492
1556.06933594	2856.46362305
1557.4822998	2747.07617188
1558.89526367	2670.77856445
1560.30822754	2608.59594727
1561.72131348	2515.21875
1563.13427734	2450.23046875
1564.54724121	2378.47607422
1565.96020508	2323.49389648
1567.37316895	2321.80371094
1568.78613281	2352.79125977
1570.19909668	2391.61279297
1571.61206055	2431.82495117
1573.02502441	2458.34350586
1574.43798828	2471.68261719
1575.85095215	2478.45117188
1577.26391602	2460.92504883
1578.67700195	2450.94335938
1580.08996582	2401.72241211
1581.50292969	2358.89355469
1582.91589355	2400.95922852
1584.32885742	2343.06518555
1585.74182129	2192.60302734
1587.15478516	2065.44506836
1588.56774902	1961.265625
1589.98071289	1857.2578125
1591.39367676	1787.28991699
1592.80664063	1756.5838623
1594.21960449	1740.55505371
1595.63256836	1690.95837402
1597.0456543	1770.19238281
1598.45861816	1801.19958496
1599.87158203	1882.97229004
1601.2845459	1949.87561035
1602.69750977	2020.74121094
1604.11047363	2067.69335938
1605.5234375	2087.18432617
1606.93640137	2074.64892578
1608.34936523	1996.80688477
1609.7623291	1927.59301758
1611.17529297	1912.93164063
1612.58825684	1929.47619629
1614.00134277	1898.43579102
1615.41430664	1918.67712402
1616.82727051	2011.42871094
1618.24023438	2051.38916016
1619.65319824	2085.12597656
1621.06616211	2102.97143555
1622.47912598	2026.10900879
1623.89208984	1890.95544434
1625.30505371	1814.78955078
1626.71801758	1714.87182617
1628.13098145	1637.97583008
1629.54394531	1508.02001953
1630.95690918	1458.7286377
1632.36999512	1413.22924805
1633.78295898	1368.79370117
1635.19592285	1338.859375
1636.60888672	1264.01574707
1638.02185059	1190.02893066
1639.43481445	1176.82763672
1640.84777832	1190.36804199
1642.26074219	1199.96179199
1643.67370605	1206.40087891
1645.08666992	1224.97460938
1646.49963379	1190.08850098
1647.91259766	1238.94836426
1649.32568359	1241.63146973
1650.73864746	1260.29492188
1652.15161133	1252.96472168
1653.5645752	1231.2286377
1654.97753906	1175.18798828
1656.39050293	1089.91015625
1657.8034668	1043.16943359
1659.21643066	1038.14587402
1660.62939453	982.09375
1662.0423584	984.910827637
1663.45532227	1038.26000977
1664.86828613	1012.47161865
1666.28125	1047.84106445
1667.69433594	1102.13916016
1669.1072998	1190.35217285
1670.52026367	1285.3951416
1671.93322754	1387.1998291
1673.34619141	1481.77099609
1674.75915527	1573.67102051
1676.17211914	1693.50756836
1677.58508301	1808.36132813
1678.99804688	1952.96728516
1680.41101074	2091.4440918
1681.82397461	2300.60961914
1683.23693848	2528.00512695
1684.65002441	2781.67529297
1686.06298828	2994.92211914
1687.47595215	3133.99023438
1688.88891602	3159.36816406
1690.30187988	3064.22241211
1691.71484375	2928.75805664
1693.12780762	2822.62255859
1694.54077148	2717.4855957
1695.95373535	2617.02050781
1697.36669922	2597.30273438
1698.77966309	2557.74975586
1700.19262695	2751.74438477
1701.60571289	2980.84814453
1703.01867676	3156.58959961
1704.43164063	3267.87207031
1705.84460449	3325.68383789
1707.25756836	3393.47412109
1708.67053223	3439.82568359
1710.08349609	3447.85498047
1711.49645996	3424.58666992
1712.90942383	3384.49194336
1714.3223877	3418.61547852
1715.73535156	3340.52441406
1717.14831543	3233.51269531
1718.5612793	3051.21630859
1719.97436523	2956.77514648
1721.3873291	2787.1015625
1722.80029297	2630.42138672
1724.21325684	2481.73022461
1725.6262207	2380.24829102
1727.03918457	2287.19116211
1728.45214844	2194.53833008
1729.8651123	2117.20605469
1731.27807617	2048.84619141
1732.69104004	2000.95605469
1734.10400391	1936.8026123
1735.51696777	1891.49658203
1736.93005371	1848.82983398
1738.34301758	1808.08703613
1739.75598145	1806.73303223
1741.16894531	1736.13793945
1742.58190918	1704.84448242
1743.99487305	1687.80383301
1745.40783691	1670.19226074
1746.82080078	1637.96716309
1748.23376465	1614.52539063
1749.64672852	1603.17419434
1751.05969238	1571.31774902
1752.47265625	1543.96936035
1753.88562012	1542.11853027
1755.29870605	1551.44958496
1756.71166992	1521.27307129
1758.12463379	1537.92773438
1759.53759766	1489.33032227
1760.95056152	1453.93249512
1762.36352539	1428.02502441
1763.77648926	1427.66308594
1765.18945313	1428.67956543
1766.60241699	1404.96655273
1768.01538086	1378.18212891
1769.42834473	1376.3125
1770.84130859	1382.5423584
1772.25439453	1376.28393555
1773.6673584	1373.62768555
1775.08032227	1344.39379883
1776.49328613	1340.40466309
1777.90625	1365.48876953
1779.31921387	1334.90881348
1780.73217773	1312.59594727
1782.1451416	1348.08398438
1783.55810547	1354.03845215
1784.97106934	1348.12158203
1786.3840332	1351.80004883
1787.79699707	1330.84667969
1789.20996094	1317.33093262
1790.62304688	1316.35498047
1792.03601074	1302.92529297
1793.44897461	1316.85083008
1794.86193848	1300.33789063
1796.27490234	1298.19018555
1797.68786621	1308.47595215
1799.10083008	1333.79638672
1800.51379395	1298.06689453
1801.92675781	1289.93591309
1803.33972168	1286.63476563
1804.75268555	1269.20959473
1806.16564941	1282.38061523
1807.57873535	1292.09375
1808.99169922	1279.71179199
1810.40466309	1289.4609375
1811.81762695	1301.75976563
1813.23059082	1289.87744141
1814.64355469	1284.82312012
1816.05651855	1255.67260742
1817.46948242	1245.74267578
1818.88244629	1258.15307617
1820.29541016	1286.56384277
1821.70837402	1243.36914063
1823.12133789	1286.52062988
1824.53430176	1274.92565918
1825.9473877	1239.83569336
1827.36035156	1236.12475586
1828.77331543	1236.04870605
1830.1862793	1231.99951172
1831.59924316	1208.98974609
1833.01220703	1200.11901855
1834.4251709	1201.76074219
1835.83813477	1198.63037109
1837.25109863	1212.9128418
1838.6640625	1216.40087891
1840.07702637	1235.07946777
1841.48999023	1229.4543457
1842.90307617	1256.25646973
1844.31604004	1259.07849121
1845.72900391	1249.65966797
1847.14196777	1238.57556152
1848.55493164	1223.95043945
1849.96789551	1222.51416016
1851.38085938	1230.68041992
1852.79382324	1210.96606445
1854.20678711	1193.98815918
1855.61975098	1190.00012207
1857.03271484	1203.86010742
1858.44567871	1215.75842285
1859.85864258	1212.2677002
1861.27172852	1216.29150391
1862.68469238	1203.74108887
1864.09765625	1189.69580078
1865.51062012	1176.67382813
1866.92358398	1195.7565918
1868.33654785	1192.01538086
1869.74951172	1196.73266602
1871.16247559	1203.31494141
1872.57543945	1208.18566895
1873.98840332	1143.80187988
1875.40136719	1146.71984863
1876.81433105	1169.6652832
1878.22741699	1145.96740723
1879.64038086	1141.05688477
1881.05334473	1144.07678223
1882.46630859	1149.16442871
1883.87927246	1156.91992188
1885.29223633	1147.32556152
1886.7052002	1163.08764648
1888.11816406	1165.27404785
1889.53112793	1144.58569336
1890.9440918	1142.88232422
1892.35705566	1146.23120117
1893.77001953	1103.21569824
1895.1829834	1135.39294434
1896.59606934	1116.31872559
1898.0090332	1092.00769043
1899.42199707	1069.84411621
1900.83496094	1065.09375
1902.2479248	1070.51660156
1903.66088867	1048.95361328
1905.07385254	1044.91796875
1906.48681641	1035.73168945
1907.89978027	1013.00878906
1909.31274414	1004.05407715
1910.72570801	995.49017334
1912.13867188	984.261047363
1913.55175781	984.054138184
1914.96472168	957.942993164
1916.37768555	931.432312012
1917.79064941	921.571166992
1919.20361328	870.689880371
1920.61657715	865.870849609
1922.02954102	848.782897949
1923.44250488	843.452270508
1924.85546875	793.067260742
1926.26843262	753.458679199
1927.68139648	736.133422852
1929.09436035	708.120422363
1930.50744629	648.414001465
1931.92041016	599.816650391
1933.33337402	556.984008789
1934.74633789	501.239685059
1936.15930176	456.105316162
1937.57226563	407.819793701
1938.98522949	331.246124268
1940.39819336	269.481262207
1941.81115723	233.484207153
1943.22412109	197.464874268
1944.63708496	193.860183716
1946.05004883	168.00390625
1947.4630127	160.78112793
1948.87609863	156.815673828
1950.2890625	148.144332886
1951.70202637	145.277282715
1953.11499023	141.451568604
1954.5279541	130.045059204
1955.94091797	139.938430786
1957.35388184	136.999420166
1958.7668457	127.961425781
1960.17980957	125
1961.59277344	123.166114807
1963.0057373	125.391395569
1964.41870117	118.120094299
1965.83178711	116.167388916
1967.24475098	125.770614624
1968.65771484	123.009597778
1970.07067871	118.051345825
1971.48364258	120.758346558
1972.89660645	113.77280426
1974.30957031	115.869224548
1975.72253418	114.515205383
1977.13549805	111.882850647
1978.54846191	110.781181335
1979.96142578	107.85030365
1981.37438965	103.07019043
1982.78735352	114.306167603
1984.20043945	108.702713013
1985.61340332	113.993881226
1987.02636719	111.011405945
1988.43933105	110.792190552
1989.85229492	116.095695496
1991.26525879	120.740409851
1992.67822266	109.77922821
1994.09118652	104.258529663
1995.50415039	107.890678406
1996.91711426	110.09375
1998.33007813	104.816345215
1999.74304199	101.212463379
2001.15612793	107.240081787
2002.5690918	113.150253296
2003.98205566	112.289680481
2005.39501953	105.281822205
2006.8079834	104.24597168
2008.22094727	107.127319336
2009.63391113	103.164009094
2011.046875	103.754951477
2012.45983887	101.210380554
2013.87280273	103.790687561
2015.2857666	97.0631332397
2016.69873047	103.657341003
2018.11169434	105.824623108
2019.52478027	102.59046936
2020.93774414	95.4185714722
2022.35070801	94.09375
2023.76367188	105.449081421
2025.17663574	101.910224915
2026.58959961	95.6282501221
2028.00256348	103.643074036
2029.41552734	101.742103577
2030.82849121	100.402877808
2032.24145508	103
2033.65441895	101.031639099
2035.06738281	98.544631958
2036.48046875	100.928535461
2037.89343262	103.474731445
2039.30639648	100.654899597
2040.71936035	103.704231262
2042.13232422	106.288505554
2043.54528809	94.8021011353
2044.95825195	107.09375
2046.37121582	104.944747925
2047.78417969	95.9457321167
2049.19726563	108.522888184
2050.61010742	102.601318359
2052.02319336	96.3006515503
2053.43603516	104.989135742
2054.84912109	98.4236526489
2056.26196289	97.0890884399
2057.67504883	90.8089141846
2059.08789063	97.6543655396
2060.50097656	105.602325439
2061.91381836	99.9824066162
2063.3269043	101.06438446
2064.73999023	97.7353897095
2066.15283203	98.7286300659
2067.56591797	99.3515701294
2068.97875977	102.749229431
2070.3918457	103.873901367
2071.8046875	98.5987548828
2073.21777344	99.1912384033
2074.63061523	102.562538147
2076.04370117	102
2077.45654297	99.9356765747
2078.86962891	100.169677734
2080.28271484	102.496795654
2081.69555664	97.0210723877
2083.10864258	94.4096450806
2084.52148438	95.9056472778
2085.93457031	104.000007629
2087.34741211	102.179260254
2088.76049805	94.4873275757
2090.17333984	92.4352264404
2091.58642578	95.1938781738
2092.99926758	95.9270858765
2094.41235352	95.6453552246
2095.82519531	105.979141235
2097.23828125	105.00869751
2098.65136719	104.037940979
2100.06420898	92.806060791
2101.47729492	99.2299728394
2102.89013672	99.1250305176
2104.30322266	93.9226531982
2105.71606445	91.44115448
2107.12915039	92.6724243164
2108.54199219	90.7388687134
2109.95507813	93.6654052734
2111.36791992	92.8843231201
2112.78100586	89.9672622681
2114.19384766	92.8998413086
2115.60693359	92.5096740723
2117.02001953	94.6325454712
2118.43286133	93.0533676147
2119.84594727	97.0540924072
2121.25878906	99.4374237061
2122.671875	98.050994873
2124.0847168	94.4951553345
2125.49780273	91.4937210083
2126.91064453	96.0384979248
2128.32373047	94.9034118652
2129.73657227	89.4055938721
2131.1496582	88.3852386475
2132.5625	94.4267959595
2133.97558594	86.5558624268
2135.38867188	92.222984314
2136.80151367	89.7876281738
2138.21459961	88.8635482788
2139.62744141	88.5749740601
2141.04052734	92.2236785889
2142.45336914	96.5709991455
2143.86645508	87.5662918091
2145.27929688	91.7289657593
2146.69238281	88.8666305542
2148.10522461	87.5634918213
2149.51831055	100.052452087
2150.93139648	98.0051956177
2152.34423828	98.0913619995
2153.75732422	92.2952728271
2155.17016602	87.3502120972
2156.58325195	94.3440093994
2157.99609375	87.9308166504
2159.40917969	93.9023895264
2160.82202148	89.1086654663
2162.23510742	92.9194412231
2163.64794922	88.4874572754
2165.06103516	87.020866394
2166.47387695	90.0960083008
2167.88696289	82.1936950684
2169.30004883	81.8606872559
2170.71289063	87.8590698242
2172.12597656	93.3708114624
2173.53881836	89.7682113647
2174.9519043	87.059463501
2176.36474609	86.4792633057
2177.77783203	84.2548065186
2179.19067383	84.7254943848
2180.60375977	91.5590515137
2182.01660156	95.4630584717
2183.4296875	89.819442749
2184.8425293	85.5461883545
2186.25561523	84.6060943604
2187.66870117	86.6996841431
2189.08154297	90.1530227661
2190.49462891	86.4965896606
2191.9074707	83.8168487549
2193.32055664	90.5049667358
2194.73339844	94.6147003174
2196.14648438	84.5696716309
2197.55932617	84.7746963501
2198.97241211	93.0990219116
2200.38525391	91.6098098755
2201.79833984	90.1194000244
2203.21142578	85.7176208496
2204.62426758	89.9389953613
2206.03735352	81.4789581299
2207.45019531	82.7761383057
2208.86328125	84.9066696167
2210.27612305	93.692741394
2211.68920898	85.0587615967
2213.10205078	89.6767196655
2214.51513672	87.2658309937
2215.92797852	83.4067382813
2217.34106445	86.5624160767
2218.75390625	89.372505188
2220.16699219	83.0855026245
2221.58007813	82.7097091675
2222.99291992	79.5121994019
2224.40600586	85.6813964844
2225.81884766	79.2547149658
2227.23193359	84.0612792969
2228.64477539	87.1271286011
2230.05786133	91.9656600952
2231.47070313	84.157661438
2232.88378906	93.6796112061
2234.29663086	91.2226791382
2235.7097168	87.2353668213
2237.12255859	87
2238.53564453	88.9236907959
2239.94873047	84.5573425293
2241.36157227	73.2731018066
2242.7746582	87.9016647339
2244.1875	83.8940200806
2245.60058594	83
2247.01342773	86.4828643799
2248.42651367	84.4945678711
2249.83935547	81.5913085938
2251.25244141	82.6538925171
2252.6652832	83.808303833
2254.07836914	78.4108352661
2255.49121094	89.6207885742
2256.90429688	89.8832778931
2258.31738281	89.8419952393
2259.73022461	80.9656448364
2261.14331055	84.7873840332
2262.55615234	85.5163574219
2263.96923828	86.5344390869
2265.38208008	89.199005127
2266.79516602	93.5762557983
2268.20800781	86.7091522217
2269.62109375	83.1748199463
2271.03393555	87.2823410034
2272.44702148	88.6407470703
2273.86010742	90.240524292
2275.27294922	93.0283737183
2276.68603516	101.095657349
2278.09887695	100.416404724
2279.51196289	89.6537322998
2280.92480469	90.9601135254
2282.33789063	91.2048034668
2283.75073242	96.1199645996
2285.16381836	100.866798401
2286.57666016	102.491020203
2287.98974609	102.397026062
2289.40258789	105.015975952
2290.81567383	100.587051392
2292.22875977	98.6851196289
2293.64160156	98.8736572266
2295.0546875	97.9600830078
2296.4675293	104.313934326
2297.88061523	103.709327698
2299.29345703	103.510108948
2300.70654297	109.071632385
2302.11938477	106.614067078
2303.5324707	105.091018677
2304.9453125	106.912597656
2306.35839844	108.691223145
2307.77124023	108.382904053
2309.18432617	110.746627808
2310.59741211	108.742324829
2312.01025391	105.49546814
2313.42333984	101.351165771
2314.83618164	99.2367858887
2316.24926758	94.6446533203
2317.66210938	89.8445053101
2319.07519531	90.290145874
2320.48803711	96.3729171753
2321.90112305	103.151557922
2323.31396484	102.512779236
2324.72705078	100.850486755
2326.13989258	100.016799927
2327.55297852	100.334968567
2328.96606445	110.790962219
2330.37890625	119.771781921
2331.79199219	110.401290894
2333.20483398	102.148780823
2334.61791992	96.4282455444
2336.03076172	93.410697937
2337.44384766	95.0954742432
2338.85668945	91.917755127
2340.26977539	89.130821228
2341.68261719	90.8547592163
2343.09570313	95.1791610718
2344.50878906	95.7754211426
2345.92163086	93.4097976685
2347.3347168	95.6968765259
2348.74755859	93.6893539429
2350.16064453	87.6766891479
2351.57348633	86.7573623657
2352.98657227	90.4123840332
2354.39941406	94.1811676025
2355.8125	90.3804779053
2357.2253418	88.7274475098
2358.63842773	90.2593765259
2360.05126953	94.2630157471
2361.46435547	95.9710159302
2362.87744141	92.0862731934
2364.2902832	91.1490020752
2365.70336914	93.4465866089
2367.11621094	95.153427124
2368.52929688	94.6038284302
2369.94213867	94.4336624146
2371.35522461	94.6361083984
2372.76806641	100.160873413
2374.18115234	99.8184204102
2375.59399414	95.7365036011
2377.00708008	96.9440917969
2378.41992188	99.220489502
2379.83300781	97.5493927002
2381.24609375	96.9259414673
2382.65893555	102.973594666
2384.07202148	105.798599243
2385.48486328	99.1803741455
2386.89794922	97.851524353
2388.31079102	100.881736755
2389.72387695	98.3679275513
2391.13671875	95.8301391602
2392.54980469	96.6738510132
2393.96264648	101.576965332
2395.37573242	102.380455017
2396.78857422	105.74017334
2398.20166016	100.50844574
2399.61474609	92.1104431152
2401.02758789	93.1976928711
2402.44067383	99.2565612793
2403.85351563	99.7053146362
2405.26660156	101.29724884
2406.67944336	101.924591064
2408.0925293	102.763015747
2409.50537109	103.527389526
2410.91845703	102.488082886
2412.33129883	100.341293335
2413.74438477	98.7384033203
2415.1574707	101.511817932
2416.5703125	102.106552124
2417.98339844	91.5606994629
2419.39624023	94.104888916
2420.80932617	95.4439544678
2422.22216797	94.9748764038
2423.63525391	99.8736343384
2425.0480957	95.6793060303
2426.46118164	98.7555618286
2427.87402344	100.023139954
2429.28710938	95.0784606934
2430.69995117	96.780418396
2432.11303711	97.023651123
2433.52612305	93.8600692749
2434.93896484	93.9395294189
2436.35205078	91.9341583252
2437.76489258	94.9120635986
2439.17797852	94.4634170532
2440.59082031	94.5238418579
2442.00390625	90.0672225952
2443.41674805	92.1857757568
2444.82983398	92.7432174683
2446.24267578	94.3190155029
2447.65576172	93.3461151123
2449.06860352	92.95703125
2450.48168945	96.5615158081
2451.89477539	99.342590332
2453.30761719	95.1520843506
2454.72070313	94.5465545654
2456.13354492	90.9895782471
2457.54663086	92.2974395752
2458.95947266	91.6375961304
2460.37255859	94.0195922852
2461.78540039	94.7543106079
2463.19848633	95.4104690552
2464.61132813	97.3251495361
2466.02441406	96.9293746948
2467.4375	90.2731704712
2468.8503418	93.8639602661
2470.26342773	96.0165405273
2471.67626953	96.2753982544
2473.08935547	95.5772781372
2474.50219727	93.6939697266
2475.9152832	94.1258087158
2477.328125	94.356010437
2478.74121094	94.6482086182
2480.15405273	94.0387496948
2481.56713867	91.6650085449
2482.97998047	92.3659057617
2484.39306641	97.1412887573
2485.80615234	89.0393447876
2487.21899414	93.0133895874
2488.63208008	90.1382522583
2490.04492188	91.2677307129
2491.45800781	94.5299224854
2492.87084961	94.1279983521
2494.28393555	87.5927734375
2495.69677734	85.3646697998
2497.10986328	91.8118515015
2498.52270508	89.8199234009
2499.93579102	92.5714492798
2501.34863281	89.2271118164
2502.76171875	83.7257461548
2504.17480469	88.133392334
2505.58764648	86.5133285522
2507.00073242	88.0190200806
2508.41357422	88.8005371094
2509.82666016	89.744934082
2511.23950195	93.2762145996
2512.65258789	90.4750289917
2514.06542969	86.6281509399
2515.47851563	85.3293838501
2516.89135742	86.9371109009
2518.30444336	87.7058334351
2519.71728516	85.0159683228
2521.13037109	85.3758850098
2522.54345703	87.404045105
2523.95629883	88.2304534912
2525.36938477	86.0658340454
2526.78222656	85.7146530151
2528.1953125	83.9614715576
2529.6081543	84.3620758057
2531.02124023	87.4977264404
2532.43408203	88.0772094727
2533.84716797	84.2288589478
2535.26000977	82.0541687012
2536.6730957	84.3802032471
2538.08618164	82.0911254883
2539.49902344	85.814453125
2540.91210938	85.7658081055
2542.32495117	83.8885269165
2543.73803711	85.1639785767
2545.15087891	84.8845672607
2546.56396484	84.5041809082
2547.97680664	84.6293106079
2549.38989258	83.6076431274
2550.80273438	86.1627960205
2552.21582031	83.6418609619
2553.62866211	84.458984375
2555.04174805	83.3627700806
2556.45483398	84.9481811523
2557.86767578	85.3657302856
2559.28076172	83.87109375
2560.69360352	84.0488815308
2562.10668945	82.4585037231
2563.51953125	87.7428359985
2564.93261719	88.8958129883
2566.34545898	83.3366165161
2567.75854492	82.7149734497
2569.17138672	82.8962860107
2570.58447266	81.1671066284
2571.99731445	79.0000152588
2573.41040039	79.9783782959
2574.82348633	83.3871841431
2576.23632813	85.4837112427
2577.64941406	80.5128860474
2579.06225586	81.1409225464
2580.4753418	83.7040023804
2581.88818359	83.2398681641
2583.30126953	78.0490036011
2584.71411133	79.3905029297
2586.12719727	79.1009902954
2587.54003906	72.4616775513
2588.953125	77.6925735474
2590.3659668	74.6116333008
2591.77905273	78.7807846069
2593.19213867	79.5608215332
2594.60498047	80.341255188
2596.01806641	78.2697753906
2597.4309082	85.3262634277
2598.84399414	85.31590271
2600.25683594	84.0549240112
2601.66992188	81.4952163696
2603.08276367	84.739982605
2604.49584961	82.9725875854
2605.90869141	82.3311386108
2607.32177734	80.7401733398
2608.73486328	83.1851348877
2610.14770508	82.6533584595
2611.56079102	81.1867294312
2612.97363281	81.8855743408
2614.38671875	83.620010376
2615.79956055	82.0116653442
2617.21264648	80.4094619751
2618.62548828	84.9551086426
2620.03857422	85.5501022339
2621.45141602	81.9339752197
2622.86450195	78.8768844604
2624.27734375	83.5721969604
2625.69042969	85.3427352905
2627.10351563	84.8902893066
2628.51635742	86.6092147827
2629.92944336	86.6651229858
2631.34228516	87.1249313354
2632.75537109	87.4088134766
2634.16821289	83.1139984131
2635.58129883	82.7995452881
2636.99414063	86.589515686
2638.40722656	80.8999938965
2639.82006836	85.7512512207
2641.2331543	89.8625259399
2642.64599609	94.7362136841
2644.05908203	88.994178772
2645.47216797	93.4092025757
2646.88500977	93.450050354
2648.2980957	97.2427444458
2649.7109375	97.3952941895
2651.12402344	102.425895691
2652.53686523	103.691581726
2653.94995117	102.09299469
2655.36279297	105.674942017
2656.77587891	108.485069275
2658.1887207	110.614959717
2659.60180664	113.550247192
2661.01489258	123.675079346
2662.42773438	125.61882782
2663.84082031	135.251190186
2665.25366211	144.14125061
2666.66674805	146.935943604
2668.07958984	153.971435547
2669.49267578	166.242355347
2670.90551758	175.247879028
2672.31860352	177.85774231
2673.73144531	192.990814209
2675.14453125	196.981735229
2676.55737305	200.820922852
2677.97045898	214.521087646
2679.38354492	209.232254028
2680.79638672	220.19631958
2682.20947266	203.603805542
2683.62231445	205.344085693
2685.03540039	209.14402771
2686.44824219	200.199234009
2687.86132813	193.720687866
2689.27416992	181.385986328
2690.68725586	169.151733398
2692.10009766	164.801879883
2693.51318359	161.671844482
2694.92602539	152.335540771
2696.33911133	142.400314331
2697.75219727	132.718856812
2699.16503906	127.042984009
2700.578125	120.072944641
2701.9909668	120.86328125
2703.40405273	109.198753357
2704.81689453	109.450149536
2706.22998047	111.399597168
2707.64282227	107.093261719
2709.0559082	101.617431641
2710.46875	99.6582183838
2711.88183594	89.1695632935
2713.29467773	97.1676177979
2714.70776367	90.5253829956
2716.12084961	91.0368041992
2717.53369141	88.9209442139
2718.94677734	88.6105651855
2720.35961914	91.2960968018
2721.77270508	88.3430480957
2723.18554688	87.4408874512
2724.59863281	89.7328720093
2726.01147461	81.9125976563
2727.42456055	82.0721359253
2728.83740234	85.8700561523
2730.25048828	86.5300216675
2731.66357422	80.8758926392
2733.07641602	84.7458496094
2734.48950195	79.2230987549
2735.90234375	81.8530883789
2737.31542969	74.322265625
2738.72827148	83.1398239136
2740.14135742	80.8918914795
2741.55419922	81.7349319458
2742.96728516	77.8099060059
2744.38012695	78.056678772
2745.79321289	83.5579833984
2747.20605469	82.4110183716
2748.61914063	84.7993774414
2750.03222656	85.8383483887
2751.44506836	79.82862854
2752.8581543	81.7054748535
2754.27099609	82.6074066162
2755.68408203	86.036605835
2757.09692383	85.1174468994
2758.51000977	82.814743042
2759.92285156	84.8710861206
2761.3359375	77.3805236816
2762.7487793	86.0886688232
2764.16186523	84.8013763428
2765.57470703	76.2929382324
2766.98779297	80.4409713745
2768.40087891	76.2386932373
2769.8137207	79.5690155029
2771.22680664	83.9787979126
2772.63964844	85.5233688354
2774.05273438	80.2466964722
2775.46557617	78.3338317871
2776.87866211	77.9634780884
2778.29150391	75.4963989258
2779.70458984	75.2100372314
2781.11743164	79.9482574463
2782.53051758	81.5300140381
2783.94335938	75.2174987793
2785.35644531	79.0219955444
2786.76953125	77.6031341553
2788.18237305	92.2388305664
2789.59545898	78.3734512329
2791.00830078	76.3929595947
2792.42138672	76.5042724609
2793.83422852	78.9040298462
2795.24731445	75.6546173096
2796.66015625	79.46875
2798.07324219	79.4278488159
2799.48608398	73.935043335
2800.89916992	75.8967208862
2802.31225586	82.741897583
2803.72509766	79.917678833
2805.13818359	81.7230987549
2806.55102539	84.222869873
2807.96411133	78.6122436523
2809.37695313	87.1000595093
2810.79003906	78.8581085205
2812.20288086	74.9002990723
2813.6159668	87.0817489624
2815.02880859	76.1686248779
2816.44189453	76.079864502
2817.85473633	83.4128265381
2819.26782227	83.099357605
2820.6809082	81.9144668579
2822.09375	81.6681137085
2823.50683594	77.0672531128
2824.91967773	72.5141143799
2826.33276367	77.7678909302
2827.74560547	81.1121444702
2829.15869141	73.8238296509
2830.5715332	76.1776580811
2831.98461914	79.7924346924
2833.39746094	76.2558441162
2834.81054688	83.752494812
2836.22338867	72.1877288818
2837.63647461	87.7788696289
2839.04956055	81.4024963379
2840.46240234	83.8429489136
2841.87548828	83.1430511475
2843.28833008	83.6252059937
2844.70141602	77.7026443481
2846.11425781	73.8397293091
2847.52734375	76.5379867554
2848.94018555	80.1264190674
2850.35327148	82.1602478027
2851.76611328	77.680305481
2853.17919922	75.6557388306
2854.59228516	73.6468276978
2856.00512695	74.0837097168
2857.41821289	72.3257369995
2858.83105469	75.9525909424
2860.24414063	80.5595779419
2861.65698242	80.0750732422
2863.07006836	83.4082565308
2864.48291016	82.2773895264
2865.89599609	79.1583786011
2867.30883789	77.4934768677
2868.72192383	79.0993499756
2870.13476563	74.2835998535
2871.54785156	74.696762085
2872.9609375	78.8340072632
2874.3737793	80.0399627686
2875.78686523	82.9971694946
2877.19970703	81.9037475586
2878.61279297	76.9525299072
2880.02563477	81.0584487915
2881.4387207	83.7761764526
2882.8515625	80.5865707397
2884.26464844	76.5347595215
2885.67749023	80.3182601929
2887.09057617	75.7710571289
2888.50341797	75.099357605
2889.91650391	78.4656143188
2891.32958984	85.3185653687
2892.74243164	77.6348342896
2894.15551758	75.5300216675
2895.56835938	80.3412780762
2896.98144531	79.3181152344
2898.39428711	73.9638671875
2899.80737305	77.4521713257
2901.22021484	78.2261962891
2902.63330078	81.7168655396
2904.04614258	83.4773788452
2905.45922852	81.2535552979
2906.87207031	79.0405273438
2908.28515625	80.1202087402
2909.69824219	86.9149169922
2911.11108398	80.3760986328
2912.52416992	84.3199920654
2913.93701172	83.2865753174
2915.35009766	79.106010437
2916.76293945	78.2052383423
2918.17602539	80.4294128418
2919.58886719	83.624671936
2921.00195313	78.308631897
2922.41479492	81.8569107056
2923.82788086	81.9292449951
2925.2409668	83.7236557007
2926.65380859	82.0079574585
2928.06689453	82.1357803345
2929.47973633	79.3879165649
2930.89282227	84.8221130371
2932.30566406	83.740234375
2933.71875	90.5023422241
2935.1315918	80.3070831299
2936.54467773	77.4642868042
2937.95751953	76.8680419922
2939.37060547	79.3332138062
2940.78344727	83.2506942749
2942.1965332	75.758682251
2943.60961914	79.1287231445
2945.02246094	82.4855422974
2946.43554688	76.9781112671
2947.84838867	80.6134033203
2949.26147461	82.099357605
2950.67431641	79.2547302246
2952.08740234	82.2714614868
2953.50024414	87.7711791992
2954.91333008	84.991027832
2956.32617188	84.4130554199
2957.73925781	83.3918609619
2959.15209961	83.1572723389
2960.56518555	86.3747406006
2961.97827148	79.9762954712
2963.39111328	84.4467697144
2964.80419922	82.2255249023
2966.21704102	85.1782608032
2967.63012695	87.9576873779
2969.04296875	89.0280914307
2970.45605469	83.045211792
2971.86889648	83.2470626831
2973.28198242	85.1037902832
2974.69482422	82.8303985596
2976.10791016	83.7017745972
2977.52075195	78.7626724243
2978.93383789	77.9567337036
2980.34692383	82.3376235962
2981.75976563	80.2539901733
2983.17285156	82.5161056519
2984.58569336	86.3211898804
2985.9987793	79.0087051392
2987.41162109	75.6407546997
2988.82470703	75.9408569336
2990.23754883	77.2103500366
2991.65063477	85.6329574585
2993.06347656	79.2837371826
2994.4765625	78.9550323486
2995.88964844	85.4194717407
2997.30249023	80.4862747192
2998.71557617	80.5106048584
3000.12841797	79.3155441284
3001.54150391	78.541847229
3002.9543457	77.1965408325
3004.36743164	79.3963317871
3005.78027344	83.7169494629
3007.19335938	83.5277786255
3008.60620117	81.3164978027
3010.01928711	77.8622894287
3011.43212891	83.6977539063
3012.84521484	86.7883682251
3014.25830078	88.9928512573
3015.67114258	84.3191070557
3017.08422852	81.1990585327
3018.49707031	78.6330490112
3019.91015625	71.564666748
3021.32299805	83.1799697876
3022.73608398	80.8804244995
3024.14892578	79.8777160645
3025.56201172	80.3456344604
3026.97485352	78.5789413452
3028.38793945	85.9092025757
3029.80078125	78.6326675415
3031.21386719	84.1831130981
3032.62695313	83.1881790161
3034.03979492	80.012336731
3035.45288086	79.7190093994
3036.86572266	84.354309082
3038.27880859	77.8645248413
3039.69165039	79.2022476196
3041.10473633	79.0558929443
3042.51757813	76.5182037354
3043.93066406	84.7571182251
3045.34350586	88.5300216675
3046.7565918	81.8577270508
3048.16967773	82.0922851563
3049.58251953	75.8352279663
3050.99560547	75.1830291748
3052.40844727	84.4103317261
3053.8215332	83.1392288208
3055.234375	82.9376144409
3056.64746094	85.0947570801
3058.06030273	80.9021530151
3059.47338867	84.5906829834
3060.88623047	80.549446106
3062.29931641	81.4303359985
3063.7121582	86.4828262329
3065.12524414	84.6618347168
3066.53833008	82.1946868896
3067.95117188	88.0039596558
3069.36425781	85.7233200073
3070.77709961	88.0297241211
3072.19018555	79.5012207031
3073.60302734	81.6848220825
3075.01611328	83.2689285278
3076.42895508	77.5232772827
3077.84204102	87.2326660156
3079.25488281	78.1775131226
3080.66796875	85.3026733398
3082.08081055	81.7719726563
3083.49389648	79.6994247437
3084.90698242	80.6131210327
3086.31982422	77.3695755005
3087.73291016	77.216545105
3089.14575195	76.6275939941
3090.55883789	72.4118728638
3091.97167969	76.7623901367
3093.38476563	83.8353881836
3094.79760742	81.4994049072
3096.21069336	81.3967590332
3097.62353516	85.099357605
3099.03662109	87.2558822632
3100.44946289	88.4580001831
3101.86254883	75.0286636353
3103.27563477	81.1722259521
3104.68847656	81.6094055176
3106.1015625	79.454826355
3107.5144043	79.5026016235
3108.92749023	86.5801086426
3110.34033203	84.7351760864
3111.75341797	81.7589111328
3113.16625977	79.0993499756
3114.5793457	85.4784927368
3115.9921875	79.6044769287
3117.40527344	80.1410140991
3118.81835938	87.0440292358
3120.23120117	84.5635757446
3121.64428711	78.1552734375
3123.05712891	83.1643981934
3124.47021484	77.9066314697
3125.88305664	82.1041564941
3127.29614258	86.1371231079
3128.70898438	86.813911438
3130.12207031	86.3013458252
3131.53491211	81.3878860474
3132.94799805	80.314125061
3134.36083984	83.5213165283
3135.77392578	81.8758163452
3137.18701172	83.859161377
3138.59985352	80.1282806396
3140.01293945	83.252822876
3141.42578125	81.1832122803
3142.83886719	83.5029373169
3144.25170898	79.0143737793
3145.66479492	83.5885314941
3147.07763672	86.0236663818
3148.49072266	87.2193527222
3149.90356445	84.0330886841
3151.31665039	87.3933868408
3152.72949219	82.881149292
3154.14257813	81.6104812622
3155.55566406	81.3004302979
3156.96850586	82.4016571045
3158.3815918	78.6467514038
3159.79443359	82.9050292969
3161.20751953	77.888168335
3162.62036133	84.7504730225
3164.03344727	80.1267852783
3165.44628906	80.5994262695
3166.859375	85.8587875366
3168.2722168	84.3121795654
3169.68530273	85.8879470825
3171.09814453	83.486907959
3172.51123047	81.5244140625
3173.92431641	79.3824462891
3175.3371582	81.7772979736
3176.75024414	83.1939849854
3178.16308594	86.5006637573
3179.57617188	88.2372512817
3180.98901367	85.7901382446
3182.40209961	84.1580734253
3183.81494141	85.5300216675
3185.22802734	86.832244873
3186.64086914	91.5009384155
3188.05395508	84.7089996338
3189.46704102	80.0114746094
3190.87988281	83.9705734253
3192.29296875	85.0281524658
3193.70581055	84.1562652588
3195.11889648	83.1156539917
3196.53173828	85.5874557495
3197.94482422	86.0993499756
3199.35766602	86.9128417969
3200.77075195	89.4350280762
3202.18359375	83.4373092651
3203.59667969	79.0847854614
3205.00952148	82.7552642822
3206.42260742	82.6054153442
3207.83569336	84.0123291016
3209.24853516	81.9368667603
3210.66162109	84.194519043
3212.07446289	92.2716217041
3213.48754883	93.5694046021
3214.90039063	87.2200546265
3216.31347656	79.6284332275
3217.72631836	89.0882873535
3219.1394043	82.099357605
3220.55224609	81.4319610596
3221.96533203	78.455871582
3223.37817383	84.7359390259
3224.79125977	85.099357605
3226.2043457	85.359703064
3227.6171875	84.4910125732
3229.03027344	80.7073440552
3230.44311523	82.4574432373
3231.85620117	83.8222579956
3233.26904297	82.481086731
3234.68212891	87.8676757813
3236.0949707	88.0695419312
3237.50805664	90.4483108521
3238.92089844	84.4491348267
3240.33398438	83.5905532837
3241.74707031	94.0511932373
3243.15991211	86.80859375
3244.57299805	89.9842224121
3245.98583984	88.4098968506
3247.39892578	91.0615081787
3248.81176758	94.46824646
3250.22485352	89.4251251221
3251.63769531	94.2440643311
3253.05078125	94.57762146
3254.46362305	88.8004226685
3255.87670898	95.3528213501
3257.28955078	87.7285690308
3258.70263672	86.0993499756
3260.11572266	87.2652816772
3261.52856445	87.6951065063
3262.94165039	84.659362793
3264.35449219	83.1356124878
3265.76757813	81.9564056396
3267.18041992	83.0707244873
3268.59350586	89.4718322754
3270.00634766	85.7501754761
3271.41943359	81.6669082642
3272.83227539	78.0993499756
3274.24536133	80.1917266846
3275.65820313	84.4875106812
3277.07128906	85.1720046997
3278.484375	84.6584396362
3279.8972168	89.2088165283
3281.31030273	84.0658798218
3282.72314453	82.7373809814
3284.13623047	83.4304199219
3285.54907227	88.537109375
3286.9621582	91.8181838989
3288.375	82.2079086304
3289.78808594	81.8644943237
3291.20092773	87.2186508179
3292.61401367	89.5444107056
3294.02685547	90.0821533203
3295.43994141	88.0734939575
3296.85302734	86.5784225464
3298.26586914	86.4707489014
3299.67895508	88.9173660278
3301.09179688	84.147354126
3302.50488281	84.6521606445
3303.91772461	83.7151031494
3305.33081055	83.3498153687
3306.74365234	81.7136764526
3308.15673828	83.0542678833
3309.56958008	81.4382019043
3310.98266602	86.8164672852
3312.39575195	87.7699127197
3313.80859375	87.2264633179
3315.22167969	87.9121170044
3316.63452148	87.347366333
3318.04760742	85.1761474609
3319.46044922	85.455039978
3320.87353516	81.3038024902
3322.28637695	86.1484069824
3323.69946289	86.0495147705
3325.11230469	87.253036499
3326.52539063	85.5381851196
3327.93823242	86.4114303589
3329.35131836	86.1472244263
3330.7644043	79.7225799561
3332.17724609	81.1896896362
3333.59033203	82.061630249
3335.00317383	90.9795150757
3336.41625977	85.5018768311
3337.82910156	85.0643692017
3339.2421875	85.1223449707
3340.6550293	86.3315048218
3342.06811523	84.6918334961
3343.48095703	81.8155517578
3344.89404297	87.1109390259
3346.30688477	82.487739563
3347.7199707	84.4619598389
3349.13305664	79.5453109741
3350.54589844	89.8224945068
3351.95898438	81.6749267578
3353.37182617	86.675163269
3354.78491211	86.3427200317
3356.19775391	92.1854324341
3357.61083984	80.9484634399
3359.02368164	87.0219116211
3360.43676758	79.3392333984
3361.84960938	80.8594589233
3363.26269531	87.261680603
3364.67553711	84.9756011963
3366.08862305	86.212310791
3367.50170898	83.7097167969
3368.91455078	88.053894043
3370.32763672	92.260307312
3371.74047852	89.2944564819
3373.15356445	82.4734268188
3374.56640625	82.3943710327
3375.97949219	82.5372543335
3377.39233398	92.2439727783
3378.80541992	93.5126724243
3380.21826172	86.6907653809
3381.63134766	90.6882705688
3383.04443359	88.1373062134
3384.45727539	83.3517684937
3385.87036133	85.7271957397
3387.28320313	80.3793640137
3388.69628906	87.110244751
3390.10913086	87.2838973999
3391.5222168	84.5035400391
3392.93505859	82.7012786865
3394.34814453	87.954788208
3395.76098633	83.9986190796
3397.17407227	82.099357605
3398.58691406	93.8872070313
3400	82.6128997803
