1200	982.58203125
1201.41296387	978.493652344
1202.82592773	959.543212891
1204.2388916	935.169555664
1205.65185547	951.187561035
1207.06481934	930.165771484
1208.4777832	907.547302246
1209.89086914	898.031555176
1211.30383301	876.773193359
1212.71679688	866.754821777
1214.12976074	868.490539551
1215.54272461	859.67980957
1216.95568848	838.700927734
1218.36865234	857.881469727
1219.78161621	833.201477051
1221.19458008	805.465454102
1222.60754395	783.288391113
1224.02050781	786.773681641
1225.43347168	787.166992188
1226.84655762	753.449584961
1228.25952148	755.68560791
1229.67248535	751.201416016
1231.08544922	727.479858398
1232.49841309	710.987487793
1233.91137695	708.06842041
1235.32434082	692.806518555
1236.73730469	676.14855957
1238.15026855	692.262268066
1239.56323242	697.140441895
1240.97619629	662.176330566
1242.38916016	663.768676758
1243.80212402	675.037231445
1245.21520996	672.311401367
1246.62817383	663.768310547
1248.0411377	664.068847656
1249.45410156	672.357971191
1250.86706543	674.402770996
1252.2800293	664.900146484
1253.69299316	655.169799805
1255.10595703	654.86138916
1256.5189209	628.133544922
1257.93188477	604.49786377
1259.34484863	592.162719727
1260.7578125	563.201171875
1262.17089844	559.76171875
1263.5838623	555.255065918
1264.99682617	553.259155273
1266.40979004	538.762939453
1267.82275391	530.263671875
1269.23571777	537.016174316
1270.64868164	535.029968262
1272.06164551	511.692596436
1273.47460938	536.512207031
1274.88757324	529.492492676
1276.30053711	528.067626953
1277.71350098	534.894287109
1279.12646484	532.201721191
1280.53955078	544.496887207
1281.95251465	560.313598633
1283.36547852	543.959899902
1284.77844238	519.480529785
1286.19140625	546.716674805
1287.60437012	538.716064453
1289.01733398	534.116638184
1290.43029785	541.912475586
1291.84326172	550.320922852
1293.25622559	549.365234375
1294.66918945	548.564758301
1296.08215332	564.057373047
1297.49523926	543.068725586
1298.90820313	571.940124512
1300.32116699	576.649108887
1301.73413086	566.662475586
1303.14709473	575.420288086
1304.56005859	583.764221191
1305.97302246	570.023681641
1307.38598633	550.164916992
1308.7989502	526.137329102
1310.21191406	553.448120117
1311.62487793	534.279418945
1313.0378418	533.108398438
1314.45092773	519.713684082
1315.8638916	500.388397217
1317.27685547	486.335083008
1318.68981934	478.557281494
1320.1027832	484.101379395
1321.51574707	477.044036865
1322.92871094	465.691131592
1324.3416748	470.530059814
1325.75463867	447.363037109
1327.16760254	442.580993652
1328.58056641	443.144378662
1329.99353027	429.64251709
1331.40649414	432.722564697
1332.81958008	424.973358154
1334.23254395	405.538238525
1335.64550781	403.972595215
1337.05847168	429.506866455
1338.47143555	431.148529053
1339.88439941	422.160217285
1341.29736328	424.773742676
1342.71032715	428.347808838
1344.12329102	406.226593018
1345.53625488	378.045776367
1346.94921875	404.49798584
1348.36218262	398.002502441
1349.77526855	388.456756592
1351.18823242	386.07901001
1352.60119629	391.192443848
1354.01416016	404.998474121
1355.42712402	418.441650391
1356.84008789	401.758361816
1358.25305176	422.133728027
1359.66601563	430.679473877
1361.07897949	432.636138916
1362.49194336	446.76776123
1363.90490723	451.393127441
1365.31787109	451.966949463
1366.73083496	465.953887939
1368.1439209	481.451904297
1369.55688477	461.893768311
1370.96984863	476.214538574
1372.3828125	457.688995361
1373.79577637	465.636108398
1375.20874023	488.445465088
1376.6217041	509.56036377
1378.03466797	516.985900879
1379.44763184	510.817230225
1380.8605957	512.63482666
1382.27355957	558.854125977
1383.68652344	541.085266113
1385.09960938	558.377807617
1386.51257324	577.210510254
1387.92553711	602.03112793
1389.33850098	619.033996582
1390.75146484	624.730041504
1392.16442871	635.521911621
1393.57739258	661.208984375
1394.99035645	668.202453613
1396.40332031	685.10760498
1397.81628418	681.659851074
1399.22924805	673.620605469
1400.64221191	669.124755859
1402.05517578	658.714477539
1403.46826172	643.084533691
1404.88122559	623.417663574
1406.29418945	601.046569824
1407.70715332	601.707092285
1409.12011719	600.052062988
1410.53308105	597.284057617
1411.94604492	570.513244629
1413.35900879	586.532165527
1414.77197266	575.063964844
1416.18493652	556.59777832
1417.59790039	557.026184082
1419.01086426	545.653747559
1420.4239502	524.790344238
1421.83691406	507.053619385
1423.24987793	519.421081543
1424.6628418	510.58795166
1426.07580566	520.849731445
1427.48876953	516.469604492
1428.9017334	504.217163086
1430.31469727	482.522369385
1431.72766113	455.967407227
1433.140625	458.025512695
1434.55358887	435.143585205
1435.96655273	419.036651611
1437.3795166	428.754272461
1438.79260254	401.601928711
1440.20556641	386.560058594
1441.61853027	387.129119873
1443.03149414	384.525268555
1444.44445801	375.028198242
1445.85742188	368.05960083
1447.27038574	353.56048584
1448.68334961	324.883575439
1450.09631348	339.185272217
1451.50927734	338.597045898
1452.92224121	337.214569092
1454.33520508	326.342437744
1455.74829102	319.338500977
1457.16125488	315.001464844
1458.57421875	309.428100586
1459.98718262	324.429656982
1461.40014648	366.133178711
1462.81311035	369.723724365
1464.22607422	403.688964844
1465.63903809	456.096221924
1467.05200195	554.570983887
1468.46496582	735.604370117
1469.87792969	957.040527344
1471.29089355	1202.79309082
1472.70385742	1467.51477051
1474.11694336	1687.62353516
1475.52990723	1928.62878418
1476.94287109	2142.75415039
1478.35583496	2186.36889648
1479.76879883	2130.62231445
1481.1817627	2082.78637695
1482.59472656	2039.50891113
1484.00769043	2019.48669434
1485.4206543	2022.22546387
1486.83361816	2042.67333984
1488.24658203	2117.87011719
1489.6595459	2132.29321289
1491.07263184	2199.83569336
1492.4855957	2275.98339844
1493.89855957	2367.53442383
1495.31152344	2473.73266602
1496.7244873	2568.02099609
1498.13745117	2737.67919922
1499.55041504	2968.87182617
1500.96337891	3212.17553711
1502.37634277	3597.55957031
1503.78930664	4053.28759766
1505.20227051	4390.64404297
1506.61523438	4645.39013672
1508.02832031	4927.43701172
1509.44128418	5140.13867188
1510.85424805	5356.25878906
1512.26721191	5613.64404297
1513.68017578	5863.82519531
1515.09313965	6053.91943359
1516.50610352	6155.62988281
1517.91906738	6081.07861328
1519.33203125	6029.578125
1520.74499512	5970.94238281
1522.15795898	5964.76611328
1523.57092285	5953.70068359
1524.98388672	5834.77099609
1526.39697266	5658.33740234
1527.80993652	5500.984375
1529.22290039	5389.03710938
1530.63586426	5313.35449219
1532.04882813	5250.50927734
1533.46179199	5193.015625
1534.87475586	5221.98046875
1536.28771973	5035.35986328
1537.70068359	5058.95361328
1539.11364746	5053.35302734
1540.52661133	5039.9375
1541.9395752	4962.18310547
1543.35266113	4823.14990234
1544.765625	4661.94189453
1546.17858887	4405.54638672
1547.59155273	4121.26708984
1549.0045166	3774.94165039
1550.41748047	3501.47924805
1551.83044434	3260.15332031
1553.2434082	3070.70263672
1554.65637207	2955.83740234
1556.06933594	2816.92895508
1557.4822998	2720.81079102
1558.89526367	2691.92529297
1560.30822754	2612.83349609
1561.72131348	2487.74560547
1563.13427734	2429.56738281
1564.54724121	2338.60986328
1565.96020508	2270.08911133
1567.37316895	2311.63720703
1568.78613281	2342.44213867
1570.19909668	2366.09155273
1571.61206055	2397.05834961
1573.02502441	2427.29467773
1574.43798828	2450.32299805
1575.85095215	2451.08740234
1577.26391602	2400.03466797
1578.67700195	2358.16113281
1580.08996582	2324.49414063
1581.50292969	2340.92749023
1582.91589355	2340.43334961
1584.32885742	2243.59912109
1585.74182129	2166.28393555
1587.15478516	2055.41479492
1588.56774902	1930.37304688
1589.98071289	1826.45935059
1591.39367676	1749.76391602
1592.80664063	1744.99902344
1594.21960449	1749.70776367
1595.63256836	1746.76977539
1597.0456543	1725.67016602
1598.45861816	1784.05810547
1599.87158203	1832.47814941
1601.2845459	1925.32104492
1602.69750977	1983.00866699
1604.11047363	2041.04333496
1605.5234375	2068.0703125
1606.93640137	1992.23474121
1608.34936523	1892.02648926
1609.7623291	1870.77148438
1611.17529297	1863.07324219
1612.58825684	1846.61437988
1614.00134277	1884.69311523
1615.41430664	1935.20178223
1616.82727051	1965.39929199
1618.24023438	2041.32800293
1619.65319824	2099.49365234
1621.06616211	2070.13378906
1622.47912598	2003.81506348
1623.89208984	1933.93212891
1625.30505371	1808.86804199
1626.71801758	1769.67358398
1628.13098145	1622.30688477
1629.54394531	1539.94055176
1630.95690918	1459.1932373
1632.36999512	1393.35375977
1633.78295898	1302.45141602
1635.19592285	1248.79650879
1636.60888672	1231.6619873
1638.02185059	1222.11730957
1639.43481445	1203.03125
1640.84777832	1178.83227539
1642.26074219	1174.15515137
1643.67370605	1188.85742188
1645.08666992	1196.28918457
1646.49963379	1210.97802734
1647.91259766	1228.3614502
1649.32568359	1228.54772949
1650.73864746	1256.60986328
1652.15161133	1244.33032227
1653.5645752	1208.66760254
1654.97753906	1171.41308594
1656.39050293	1129.9708252
1657.8034668	1080.3939209
1659.21643066	1019.94689941
1660.62939453	974.508056641
1662.0423584	998.971496582
1663.45532227	1017.36779785
1664.86828613	1053.53405762
1666.28125	1087.07397461
1667.69433594	1128.19909668
1669.1072998	1205.71801758
1670.52026367	1278.96032715
1671.93322754	1376.29772949
1673.34619141	1479.01184082
1674.75915527	1567.53967285
1676.17211914	1672.48571777
1677.58508301	1758.58703613
1678.99804688	1946.10424805
1680.41101074	2067.26293945
1681.82397461	2270.98413086
1683.23693848	2472.16772461
1684.65002441	2687.2331543
1686.06298828	2912.51831055
1687.47595215	3041.53808594
1688.88891602	3068.9855957
1690.30187988	3033.01489258
1691.71484375	2938.36083984
1693.12780762	2804.68408203
1694.54077148	2692.09741211
1695.95373535	2601.83203125
1697.36669922	2521.37817383
1698.77966309	2614.93847656
1700.19262695	2724.86889648
1701.60571289	2972.44458008
1703.01867676	3069.77661133
1704.43164063	3225.34643555
1705.84460449	3309.76391602
1707.25756836	3356.51708984
1708.67053223	3392.98535156
1710.08349609	3400.97509766
1711.49645996	3410.39111328
1712.90942383	3434.16796875
1714.3223877	3386.43920898
1715.73535156	3260.2746582
1717.14831543	3145.43041992
1718.5612793	2998.35986328
1719.97436523	2870.49853516
1721.3873291	2697.69482422
1722.80029297	2569.86376953
1724.21325684	2457.20043945
1725.6262207	2350.3503418
1727.03918457	2260.44458008
1728.45214844	2180.79248047
1729.8651123	2089.15209961
1731.27807617	2004.16210938
1732.69104004	1971.14697266
1734.10400391	1939.57421875
1735.51696777	1896.30371094
1736.93005371	1887.45483398
1738.34301758	1791.0802002
1739.75598145	1818.39819336
1741.16894531	1742.81774902
1742.58190918	1711.68432617
1743.99487305	1668.00427246
1745.40783691	1648.7869873
1746.82080078	1633.33666992
1748.23376465	1626.79138184
1749.64672852	1613.49719238
1751.05969238	1560.19763184
1752.47265625	1540.72277832
1753.88562012	1519.6661377
1755.29870605	1555.85742188
1756.71166992	1473.86901855
1758.12463379	1474.93164063
1759.53759766	1470.64306641
1760.95056152	1420.96801758
1762.36352539	1400.80053711
1763.77648926	1422.39416504
1765.18945313	1422.38293457
1766.60241699	1406.04736328
1768.01538086	1382.46887207
1769.42834473	1369.90893555
1770.84130859	1372.63122559
1772.25439453	1361.91516113
1773.6673584	1378.79309082
1775.08032227	1356.65759277
1776.49328613	1324.32836914
1777.90625	1314.20617676
1779.31921387	1313.08557129
1780.73217773	1321.35021973
1782.1451416	1340.12426758
1783.55810547	1321.38110352
1784.97106934	1317.02868652
1786.3840332	1338.4173584
1787.79699707	1334.40405273
1789.20996094	1297.72668457
1790.62304688	1272.53015137
1792.03601074	1286.82434082
1793.44897461	1312.50866699
1794.86193848	1294.47692871
1796.27490234	1302.90429688
1797.68786621	1316.34631348
1799.10083008	1305.13171387
1800.51379395	1244.9552002
1801.92675781	1265.66650391
1803.33972168	1270.765625
1804.75268555	1271.72998047
1806.16564941	1279.32763672
1807.57873535	1273.88330078
1808.99169922	1272.16418457
1810.40466309	1281.07897949
1811.81762695	1286.91601563
1813.23059082	1277.90332031
1814.64355469	1263.70300293
1816.05651855	1262.90332031
1817.46948242	1239.75280762
1818.88244629	1261.27050781
1820.29541016	1226.48803711
1821.70837402	1244.29309082
1823.12133789	1249.52990723
1824.53430176	1222.92749023
1825.9473877	1199.06030273
1827.36035156	1201.80419922
1828.77331543	1216.84985352
1830.1862793	1224.80029297
1831.59924316	1207.06787109
1833.01220703	1197.54370117
1834.4251709	1216.58300781
1835.83813477	1218.01013184
1837.25109863	1184.36242676
1838.6640625	1183.65869141
1840.07702637	1232
1841.48999023	1231.29492188
1842.90307617	1226.08215332
1844.31604004	1229.97888184
1845.72900391	1215.04577637
1847.14196777	1229.75976563
1848.55493164	1234.45007324
1849.96789551	1244.08496094
1851.38085938	1220.36804199
1852.79382324	1224.21337891
1854.20678711	1207.38061523
1855.61975098	1183.77685547
1857.03271484	1189.15014648
1858.44567871	1208.63171387
1859.85864258	1222.43481445
1861.27172852	1215.67504883
1862.68469238	1180.55102539
1864.09765625	1166.66088867
1865.51062012	1212.27209473
1866.92358398	1179.53527832
1868.33654785	1220.7277832
1869.74951172	1181.10314941
1871.16247559	1147.82714844
1872.57543945	1171.40393066
1873.98840332	1151.3260498
1875.40136719	1133.80505371
1876.81433105	1131.18774414
1878.22741699	1142.22070313
1879.64038086	1161.04956055
1881.05334473	1166.87072754
1882.46630859	1141.23120117
1883.87927246	1128.34472656
1885.29223633	1141.34521484
1886.7052002	1121.96032715
1888.11816406	1120.73828125
1889.53112793	1113.30126953
1890.9440918	1097.91271973
1892.35705566	1110.18566895
1893.77001953	1053.34692383
1895.1829834	1126.35388184
1896.59606934	1067.05688477
1898.0090332	1080.17993164
1899.42199707	1079.21472168
1900.83496094	1056.44714355
1902.2479248	1049.64111328
1903.66088867	1048.64416504
1905.07385254	1034.59533691
1906.48681641	1023.86914063
1907.89978027	1018.57714844
1909.31274414	1002.84698486
1910.72570801	985.628417969
1912.13867188	970.666992188
1913.55175781	944.98059082
1914.96472168	941.807617188
1916.37768555	937.140014648
1917.79064941	879.827880859
1919.20361328	891.083557129
1920.61657715	847.710571289
1922.02954102	836.453979492
1923.44250488	827.669250488
1924.85546875	788.116516113
1926.26843262	753.598449707
1927.68139648	730.264831543
1929.09436035	684.481872559
1930.50744629	648.826721191
1931.92041016	596.712646484
1933.33337402	555.80255127
1934.74633789	504.335113525
1936.15930176	444.585418701
1937.57226563	393.352752686
1938.98522949	333.450195313
1940.39819336	277.052886963
1941.81115723	233.825454712
1943.22412109	212.086349487
1944.63708496	183.317047119
1946.05004883	175.100112915
1947.4630127	167.76322937
1948.87609863	154.280792236
1950.2890625	136.299285889
1951.70202637	142.557952881
1953.11499023	139.314376831
1954.5279541	135.606826782
1955.94091797	126.927566528
1957.35388184	118.856864929
1958.7668457	125.303710938
1960.17980957	135.432693481
1961.59277344	123.66217804
1963.0057373	114
1964.41870117	112.885871887
1965.83178711	113.824554443
1967.24475098	120.231559753
1968.65771484	122.402526855
1970.07067871	116.857421875
1971.48364258	117.446815491
1972.89660645	116.395095825
1974.30957031	110.642242432
1975.72253418	116.492164612
1977.13549805	112.685943604
1978.54846191	104.659744263
1979.96142578	115.216690063
1981.37438965	126.688957214
1982.78735352	113.666893005
1984.20043945	103.089958191
1985.61340332	112.275230408
1987.02636719	107.380401611
1988.43933105	105.967308044
1989.85229492	106.727958679
1991.26525879	109.740409851
1992.67822266	105.762710571
1994.09118652	102.256332397
1995.50415039	102.496559143
1996.91711426	103.961639404
1998.33007813	102.954582214
1999.74304199	100.857421875
2001.15612793	103.610458374
2002.5690918	104.335746765
2003.98205566	100.661491394
2005.39501953	106.857421875
2006.8079834	108.70098114
2008.22094727	113.33959198
2009.63391113	106.878799438
2011.046875	107
2012.45983887	106.358863831
2013.87280273	98.4297943115
2015.2857666	116.827346802
2016.69873047	108.304962158
2018.11169434	112.41897583
2019.52478027	103.25617981
2020.93774414	100.18862915
2022.35070801	92.018157959
2023.76367188	98.9763336182
2025.17663574	100.420715332
2026.58959961	101.898452759
2028.00256348	102.857421875
2029.41552734	101.647773743
2030.82849121	103.693153381
2032.24145508	105.857421875
2033.65441895	103.889060974
2035.06738281	103.678909302
2036.48046875	101.733451843
2037.89343262	98.6692199707
2039.30639648	100.880172729
2040.71936035	95.358001709
2042.13232422	92.5051803589
2043.54528809	95.5111541748
2044.95825195	99.8550033569
2046.37121582	97.0296936035
2047.78417969	104.031280518
2049.19726563	109.956169128
2050.61010742	99.1069717407
2052.02319336	87.1365661621
2053.43603516	98.8588638306
2054.84912109	102.81149292
2056.26196289	92.8959350586
2057.67504883	92
2059.08789063	97.1029129028
2060.50097656	99.5151596069
2061.91381836	96.7294082642
2063.3269043	101.952560425
2064.73999023	106.1456604
2066.15283203	100.17842865
2067.56591797	99.5012741089
2068.97875977	94.0895767212
2070.3918457	92.2709503174
2071.8046875	100.523429871
2073.21777344	98.0898742676
2074.63061523	97.6569290161
2076.04370117	101.296218872
2077.45654297	99.103767395
2078.86962891	99.2766494751
2080.28271484	93.1610107422
2081.69555664	93.7731246948
2083.10864258	103.080200195
2084.52148438	101.471786499
2085.93457031	91.4226837158
2087.34741211	98.0655288696
2088.76049805	92.3427505493
2090.17333984	99.5808792114
2091.58642578	102.879371643
2092.99926758	93.7079849243
2094.41235352	92.3974075317
2095.82519531	99.8365631104
2097.23828125	98.8661193848
2098.65136719	90.1988601685
2100.06420898	105.848503113
2101.47729492	95.1224441528
2102.89013672	94.8571395874
2104.30322266	100.80291748
2105.71606445	87.1378326416
2107.12915039	90.9614486694
2108.54199219	93.618598938
2109.95507813	97.5228271484
2111.36791992	98.1521987915
2112.78100586	91.7592391968
2114.19384766	87.6501464844
2115.60693359	89.4903259277
2117.02001953	93.8955535889
2118.43286133	95.8574142456
2119.84594727	95.9347991943
2121.25878906	95.4106063843
2122.671875	91.0127029419
2124.0847168	86.4710617065
2125.49780273	88.5399780273
2126.91064453	88.7147445679
2128.32373047	87.407951355
2129.73657227	92.1897888184
2131.1496582	93.0076980591
2132.5625	92.6712417603
2133.97558594	85.5153808594
2135.38867188	92.3754348755
2136.80151367	90.5766143799
2138.21459961	81.7816467285
2139.62744141	88.8141403198
2141.04052734	88.9454956055
2142.45336914	93.3083724976
2143.86645508	90.1971969604
2145.27929688	92.5089263916
2146.69238281	88.8571166992
2148.10522461	86.857421875
2149.51831055	86.9166030884
2150.93139648	89.8499908447
2152.34423828	91.8065185547
2153.75732422	87.0996856689
2155.17016602	84.997505188
2156.58325195	82.2646865845
2157.99609375	90.8499526978
2159.40917969	88.5488052368
2160.82202148	89.6832351685
2162.23510742	82.5039367676
2163.64794922	86.4447937012
2165.06103516	89.5231399536
2166.47387695	86.1107940674
2167.88696289	85.6982727051
2169.30004883	88.8606872559
2170.71289063	88.5127182007
2172.12597656	87.9535446167
2173.53881836	91.9238433838
2174.9519043	90.1036911011
2176.36474609	86.1015472412
2177.77783203	89.670501709
2179.19067383	91.1319274902
2180.60375977	90.4133300781
2182.01660156	89.7835388184
2183.4296875	87.3771209717
2184.8425293	81.4344329834
2186.25561523	79.7425689697
2187.66870117	82.460899353
2189.08154297	84.6025390625
2190.49462891	85.7871856689
2191.9074707	83.8168487549
2193.32055664	85.3905944824
2194.73339844	87.8662719727
2196.14648438	90.2376327515
2197.55932617	89.2445144653
2198.97241211	87.7034759521
2200.38525391	83.4672393799
2201.79833984	84.857421875
2203.21142578	85.4396896362
2204.62426758	87.218711853
2206.03735352	87.6520843506
2207.45019531	86.7442245483
2208.86328125	85.6498031616
2210.27612305	83.9234771729
2211.68920898	79.9748382568
2213.10205078	80.342338562
2214.51513672	83.5915908813
2215.92797852	87.5944824219
2217.34106445	85.2715911865
2218.75390625	81.1812210083
2220.16699219	83.736038208
2221.58007813	81.1486282349
2222.99291992	82.8701782227
2224.40600586	80.8112869263
2225.81884766	80.2183074951
2227.23193359	90.797996521
2228.64477539	87.7893829346
2230.05786133	77.9274139404
2231.47070313	84.7194671631
2232.88378906	85.8253860474
2234.29663086	82.0348739624
2235.7097168	81.857421875
2237.12255859	82.9205322266
2238.53564453	87.5938873291
2239.94873047	86.1854324341
2241.36157227	78.7145843506
2242.7746582	83.2839355469
2244.1875	89.9816131592
2245.60058594	87.4116821289
2247.01342773	91.9620742798
2248.42651367	86.2560882568
2249.83935547	93.998588562
2251.25244141	89.4266433716
2252.6652832	82.2266082764
2254.07836914	82.5681686401
2255.49121094	92.3531265259
2256.90429688	89.4031600952
2258.31738281	87.1973571777
2259.73022461	84.7179718018
2261.14331055	89.2609558105
2262.55615234	85.807258606
2263.96923828	88.3971939087
2265.38208008	83.3772125244
2266.79516602	88.0700683594
2268.20800781	87.5252151489
2269.62109375	89.5250244141
2271.03393555	82.8966522217
2272.44702148	90.6064224243
2273.86010742	89.3480682373
2275.27294922	83.6347732544
2276.68603516	85.4709854126
2278.09887695	95.5077590942
2279.51196289	97.5423126221
2280.92480469	98.6224822998
2282.33789063	95.2494277954
2283.75073242	96.4132003784
2285.16381836	97.8120880127
2286.57666016	102.855285645
2287.98974609	96.5387039185
2289.40258789	97.5605010986
2290.81567383	103.88381958
2292.22875977	101.273696899
2293.64160156	99.3050842285
2295.0546875	102.649093628
2296.4675293	100.390144348
2297.88061523	101.166793823
2299.29345703	103.389587402
2300.70654297	102.176856995
2302.11938477	102.645935059
2303.5324707	102.192749023
2304.9453125	102.167686462
2306.35839844	103.48223114
2307.77124023	101.555145264
2309.18432617	102.00969696
2310.59741211	104.576972961
2312.01025391	104.576263428
2313.42333984	105.400947571
2314.83618164	102.683296204
2316.24926758	97.1745376587
2317.66210938	99.5136260986
2319.07519531	102.742355347
2320.48803711	100.654853821
2321.90112305	96.2476196289
2323.31396484	96.9740142822
2324.72705078	99.9044265747
2326.13989258	99.8730926514
2327.55297852	104.429664612
2328.96606445	112.504371643
2330.37890625	117.581352234
2331.79199219	110.059646606
2333.20483398	100.605697632
2334.61791992	98.5281677246
2336.03076172	94.134803772
2337.44384766	91.1987762451
2338.85668945	92.4792785645
2340.26977539	88.327583313
2341.68261719	83.5630340576
2343.09570313	91.2077102661
2344.50878906	91.3400039673
2345.92163086	94.6143188477
2347.3347168	96.2403335571
2348.74755859	92.6867218018
2350.16064453	91.6818237305
2351.57348633	88.6893081665
2352.98657227	87.1654129028
2354.39941406	87.7439041138
2355.8125	89.1891021729
2357.2253418	92.2406005859
2358.63842773	92.590675354
2360.05126953	89.9660873413
2361.46435547	89.2556762695
2362.87744141	90.2680282593
2364.2902832	89.7023162842
2365.70336914	93.5702896118
2367.11621094	92.0727920532
2368.52929688	89.9691543579
2369.94213867	91.2062835693
2371.35522461	90.3163986206
2372.76806641	93.6983337402
2374.18115234	95.6932449341
2375.59399414	95.3732757568
2377.00708008	94.9584274292
2378.41992188	99.908996582
2379.83300781	100.43384552
2381.24609375	95.4544677734
2382.65893555	96.0592880249
2384.07202148	100.267692566
2385.48486328	101.532829285
2386.89794922	105.414642334
2388.31079102	103.928108215
2389.72387695	102.552185059
2391.13671875	102.970703125
2392.54980469	98.756072998
2393.96264648	95.7610321045
2395.37573242	98.8738937378
2396.78857422	102.166976929
2398.20166016	102.3306427
2399.61474609	97.3813018799
2401.02758789	102.335853577
2402.44067383	102.607498169
2403.85351563	102.37664032
2405.26660156	100.798919678
2406.67944336	97.9393386841
2408.0925293	100.18825531
2409.50537109	99.6420898438
2410.91845703	94.2779464722
2412.33129883	95.3881149292
2413.74438477	95.283203125
2415.1574707	91.2724685669
2416.5703125	97.3750457764
2417.98339844	100.739616394
2419.39624023	97.4974975586
2420.80932617	88.6536865234
2422.22216797	94.3458633423
2423.63525391	92.2174835205
2425.0480957	93.763381958
2426.46118164	96.6708297729
2427.87402344	96.4654846191
2429.28710938	93.8388900757
2430.69995117	88.9961090088
2432.11303711	95.5740127563
2433.52612305	92.2871856689
2434.93896484	98.2067718506
2436.35205078	93.6581954956
2437.76489258	99.716545105
2439.17797852	87.2814712524
2440.59082031	87.6792755127
2442.00390625	93.883430481
2443.41674805	93.4450912476
2444.82983398	98.2774429321
2446.24267578	92.4073028564
2447.65576172	89.4942703247
2449.06860352	94.9823150635
2450.48168945	88.5198516846
2451.89477539	86.9915390015
2453.30761719	89.1258239746
2454.72070313	95.5999603271
2456.13354492	92.7677612305
2457.54663086	94.3693161011
2458.95947266	95.607131958
2460.37255859	89.8117828369
2461.78540039	92.3433914185
2463.19848633	88.0029983521
2464.61132813	86.5397796631
2466.02441406	92.6126708984
2467.4375	90.7686157227
2468.8503418	93.7524642944
2470.26342773	89.4089584351
2471.67626953	90.7228546143
2473.08935547	92.1580657959
2474.50219727	95.4906997681
2475.9152832	93.6530914307
2477.328125	90.0340881348
2478.74121094	88.8628540039
2480.15405273	84.8933944702
2481.56713867	89.2352218628
2482.97998047	92.5984039307
2484.39306641	92.7215118408
2485.80615234	85.6346664429
2487.21899414	88.727973938
2488.63208008	84.3739852905
2490.04492188	87.9545440674
2491.45800781	92.0575561523
2492.87084961	87.5047683716
2494.28393555	85.3203048706
2495.69677734	90.4821853638
2497.10986328	83.08177948
2498.52270508	83.3057785034
2499.93579102	90.6249542236
2501.34863281	79.7260055542
2502.76171875	81.3977279663
2504.17480469	79.1231918335
2505.58764648	86.7565383911
2507.00073242	87.3566665649
2508.41357422	86.4098510742
2509.82666016	85.1241226196
2511.23950195	87.6722946167
2512.65258789	84.5856628418
2514.06542969	85.3363494873
2515.47851563	81.0587615967
2516.89135742	82.9398345947
2518.30444336	82.4984588623
2519.71728516	85.5702056885
2521.13037109	82.1194610596
2522.54345703	81.8583679199
2523.95629883	81.5364608765
2525.36938477	85.0413208008
2526.78222656	84.4775543213
2528.1953125	80.5480270386
2529.6081543	81.1130905151
2531.02124023	84.6067352295
2532.43408203	86.1196517944
2533.84716797	83.6962509155
2535.26000977	77.7238006592
2536.6730957	83.7536697388
2538.08618164	88.8826599121
2539.49902344	82.868522644
2540.91210938	81.7913894653
2542.32495117	86.7689819336
2543.73803711	86.3117675781
2545.15087891	82.0699462891
2546.56396484	82.1328430176
2547.97680664	82.5495910645
2549.38989258	78.3042755127
2550.80273438	77.2699050903
2552.21582031	81.776260376
2553.62866211	76.7704849243
2555.04174805	82.0306015015
2556.45483398	78.4811172485
2557.86767578	79.6899032593
2559.28076172	82.2775268555
2560.69360352	80.9028701782
2562.10668945	84.7509307861
2563.51953125	80.6264038086
2564.93261719	82.1744232178
2566.34545898	82.2450256348
2567.75854492	81.6111984253
2569.17138672	81.5222930908
2570.58447266	81.5952835083
2571.99731445	83.6826171875
2573.41040039	81.9822769165
2574.82348633	80.4942092896
2576.23632813	81.9681930542
2577.64941406	81.9426956177
2579.06225586	77.3678588867
2580.4753418	76.40184021
2581.88818359	77.2610473633
2583.30126953	73.6497650146
2584.71411133	81.9803543091
2586.12719727	79.7901992798
2587.54003906	77.4052734375
2588.953125	80.6442565918
2590.3659668	80.7917861938
2591.77905273	78.450958252
2593.19213867	83.1444244385
2594.60498047	79.9191207886
2596.01806641	72.9590377808
2597.4309082	82.0915374756
2598.84399414	82.3875274658
2600.25683594	75.79322052
2601.66992188	81.8309402466
2603.08276367	80.9038619995
2604.49584961	80.3937759399
2605.90869141	79.7863845825
2607.32177734	78.8468704224
2608.73486328	75.6405410767
2610.14770508	81.4996566772
2611.56079102	79.0160903931
2612.97363281	76.842666626
2614.38671875	76.0445861816
2615.79956055	78.015296936
2617.21264648	81.1553649902
2618.62548828	81.2002944946
2620.03857422	80.4070510864
2621.45141602	78.3458251953
2622.86450195	78.2225418091
2624.27734375	81.4486465454
2625.69042969	82.6084213257
2627.10351563	82.1452102661
2628.51635742	82.1926193237
2629.92944336	80.7209014893
2631.34228516	83.1567840576
2632.75537109	84.4979019165
2634.16821289	78.0786209106
2635.58129883	83.5021972656
2636.99414063	80.3646850586
2638.40722656	81.1006698608
2639.82006836	85.2514343262
2641.2331543	89.746307373
2642.64599609	79.497833252
2644.05908203	86.2455596924
2645.47216797	86.7856063843
2646.88500977	84.6886367798
2648.2980957	86.0975494385
2649.7109375	87.3022613525
2651.12402344	88.3101425171
2652.53686523	88.1103668213
2653.94995117	90.1891479492
2655.36279297	92.0742797852
2656.77587891	94.1117324829
2658.1887207	98.8700408936
2659.60180664	107.243476868
2661.01489258	107.254364014
2662.42773438	107.453414917
2663.84082031	111.302749634
2665.25366211	116.568634033
2666.66674805	120.347831726
2668.07958984	120.498207092
2669.49267578	130.390426636
2670.90551758	141.299850464
2672.31860352	148.25680542
2673.73144531	147.131958008
2675.14453125	147.608795166
2676.55737305	151.032028198
2677.97045898	158.36807251
2679.38354492	166.880859375
2680.79638672	161.290130615
2682.20947266	162.692886353
2683.62231445	166.97605896
2685.03540039	152.834838867
2686.44824219	145.562103271
2687.86132813	141.390075684
2689.27416992	142.191055298
2690.68725586	137.514541626
2692.10009766	130.48866272
2693.51318359	124.078956604
2694.92602539	119.275054932
2696.33911133	121.688812256
2697.75219727	110.035980225
2699.16503906	106.024703979
2700.578125	103.770248413
2701.9909668	95.3411026001
2703.40405273	100.459945679
2704.81689453	94.5391769409
2706.22998047	97.1527175903
2707.64282227	89.0244903564
2709.0559082	85.8986587524
2710.46875	90.4982681274
2711.88183594	86.5356903076
2713.29467773	86.7724914551
2714.70776367	84.0823669434
2716.12084961	80.5839996338
2717.53369141	81.6594848633
2718.94677734	84.4667129517
2720.35961914	83.7996444702
2721.77270508	81.5904159546
2723.18554688	78.1027297974
2724.59863281	78.5405273438
2726.01147461	82.0024185181
2727.42456055	84.0593414307
2728.83740234	82.0076828003
2730.25048828	83.8358840942
2731.66357422	79.0070037842
2733.07641602	75.5545730591
2734.48950195	75.2750320435
2735.90234375	80.9573898315
2737.31542969	71.0716247559
2738.72827148	79.8178024292
2740.14135742	76.8297424316
2741.55419922	78.6352386475
2742.96728516	76.858833313
2744.38012695	76.345703125
2745.79321289	75.0165252686
2747.20605469	77.5246200562
2748.61914063	78.73487854
2750.03222656	80.7229995728
2751.44506836	78.1170959473
2752.8581543	82.4362030029
2754.27099609	79.7400817871
2755.68408203	75.7897720337
2757.09692383	83.3153991699
2758.51000977	84.4795150757
2759.92285156	74.3249740601
2761.3359375	74.2409591675
2762.7487793	79.3664703369
2764.16186523	80.7794952393
2765.57470703	84.1213302612
2766.98779297	71.5258102417
2768.40087891	79.694152832
2769.8137207	73.1833648682
2771.22680664	73.4367523193
2772.63964844	76.0628585815
2774.05273438	74.9268035889
2775.46557617	81.3222961426
2776.87866211	78.7721481323
2778.29150391	77.1730575562
2779.70458984	77.5934753418
2781.11743164	71.3825149536
2782.53051758	73.2969665527
2783.94335938	74.3477172852
2785.35644531	74.2804412842
2786.76953125	74.2734985352
2788.18237305	74.5541610718
2789.59545898	83.0267410278
2791.00830078	70.8045425415
2792.42138672	84.9095458984
2793.83422852	77.7564086914
2795.24731445	74.5177078247
2796.66015625	78.3816680908
2798.07324219	81.9850463867
2799.48608398	80.3755950928
2800.89916992	81.7417221069
2802.31225586	77.1844406128
2803.72509766	73.9341964722
2805.13818359	76.0520401001
2806.55102539	80.2742538452
2807.96411133	79.6569290161
2809.37695313	76.6313552856
2810.79003906	68.5503234863
2812.20288086	83.1370620728
2813.6159668	78.7132797241
2815.02880859	81.649055481
2816.44189453	72.557723999
2817.85473633	74.164100647
2819.26782227	76.9898529053
2820.6809082	74.7481536865
2822.09375	72.9719848633
2823.50683594	80.951423645
2824.91967773	81.4375
2826.33276367	76.7194366455
2827.74560547	76.7418670654
2829.15869141	78.1183395386
2830.5715332	71.6097488403
2831.98461914	75.6596679688
2833.39746094	71.5404205322
2834.81054688	86.1731491089
2836.22338867	82.4369888306
2837.63647461	81.9608688354
2839.04956055	75.8745574951
2840.46240234	79.651725769
2841.87548828	78.8008804321
2843.28833008	81.5564651489
2844.70141602	75.31665802
2846.11425781	76.4898376465
2847.52734375	75.9090881348
2848.94018555	81.0544586182
2850.35327148	78.3411636353
2851.76611328	76.2734985352
2853.17919922	78.9612350464
2854.59228516	72.7565536499
2856.00512695	74.4181442261
2857.41821289	83.0402832031
2858.83105469	77.9936523438
2860.24414063	74.0550079346
2861.65698242	84.9650115967
2863.07006836	75.3110809326
2864.48291016	78.6912841797
2865.89599609	82.9376068115
2867.30883789	80.9571609497
2868.72192383	81.7001571655
2870.13476563	78.5447921753
2871.54785156	79.6010284424
2872.9609375	74.5044326782
2874.3737793	85.8132095337
2875.78686523	76.7198410034
2877.19970703	79.2397384644
2878.61279297	76.1757125854
2880.02563477	75.3346405029
2881.4387207	78.4735336304
2882.8515625	83.2212753296
2884.26464844	72.3477172852
2885.67749023	75.5254211426
2887.09057617	82.4958343506
2888.50341797	81.7375259399
2889.91650391	80.6942214966
2891.32958984	82.0933151245
2892.74243164	77.4393005371
2894.15551758	75.4581680298
2895.56835938	82.974319458
2896.98144531	84.2028656006
2898.39428711	81.7392425537
2899.80737305	78.4189071655
2901.22021484	82.2561950684
2902.63330078	78.3132858276
2904.04614258	78.3561172485
2905.45922852	83.7235336304
2906.87207031	80.8534698486
2908.28515625	76.9253311157
2909.69824219	81.5176086426
2911.11108398	80.1960144043
2912.52416992	81.8197402954
2913.93701172	79.5730667114
2915.35009766	78.2752761841
2916.76293945	73.7122802734
2918.17602539	78.2734985352
2919.58886719	80.7762908936
2921.00195313	85.3951339722
2922.41479492	78.1955108643
2923.82788086	81.3477172852
2925.2409668	78.6468505859
2926.65380859	81.7957763672
2928.06689453	81.9211120605
2929.47973633	74.2459106445
2930.89282227	78.1677627563
2932.30566406	76.518951416
2933.71875	70.3711395264
2935.1315918	81.1935806274
2936.54467773	78.5216445923
2937.95751953	75.2557754517
2939.37060547	79.8236618042
2940.78344727	76.6897659302
2942.1965332	76.1438217163
2943.60961914	76.3516769409
2945.02246094	74.8849868774
2946.43554688	78.5873336792
2947.84838867	79.8489379883
2949.26147461	75.9338760376
2950.67431641	71.5510406494
2952.08740234	73.3190307617
2953.50024414	73.1053161621
2954.91333008	79.8584518433
2956.32617188	80.7182998657
2957.73925781	80.5926361084
2959.15209961	86.57447052
2960.56518555	78.0715866089
2961.97827148	78.3042678833
2963.39111328	86.381149292
2964.80419922	86.0389099121
2966.21704102	73.43409729
2967.63012695	86.14012146
2969.04296875	73.4041442871
2970.45605469	83.8931121826
2971.86889648	79.7490234375
2973.28198242	78.3787307739
2974.69482422	80.2605667114
2976.10791016	75.7647247314
2977.52075195	74.3701171875
2978.93383789	78.6706466675
2980.34692383	74.8041152954
2981.75976563	70.7924346924
2983.17285156	81.3887634277
2984.58569336	87.0300216675
2985.9987793	77.4981918335
2987.41162109	82.9494857788
2988.82470703	80.5441055298
2990.23754883	80.2153091431
2991.65063477	79.5620880127
2993.06347656	83.3477172852
2994.4765625	84.3924484253
2995.88964844	80.2817077637
2997.30249023	74.4270095825
2998.71557617	71.6660003662
3000.12841797	73.9492111206
3001.54150391	84.0656204224
3002.9543457	76.7552642822
3004.36743164	81.8810653687
3005.78027344	79.0859603882
3007.19335938	79.9611282349
3008.60620117	81.6623077393
3010.01928711	82.3723373413
3011.43212891	79.9204101563
3012.84521484	74.9185638428
3014.25830078	78.2263336182
3015.67114258	83.6901473999
3017.08422852	78.522644043
3018.49707031	84.9811172485
3019.91015625	79.2734985352
3021.32299805	80.2099456787
3022.73608398	82.7050323486
3024.14892578	81.7295532227
3025.56201172	79.2514724731
3026.97485352	81.0785293579
3028.38793945	82.2874298096
3029.80078125	78.1732177734
3031.21386719	74.6608886719
3032.62695313	79.1622772217
3034.03979492	76.3843994141
3035.45288086	77.2331390381
3036.86572266	71.7569885254
3038.27880859	73.967338562
3039.69165039	80.8844909668
3041.10473633	82.0127334595
3042.51757813	74.4729995728
3043.93066406	80.3927993774
3045.34350586	78.453086853
3046.7565918	78.1714401245
3048.16967773	86.2169189453
3049.58251953	74.611831665
3050.99560547	78.6237335205
3052.40844727	80.1789703369
3053.8215332	71.58984375
3055.234375	76.7204818726
3056.64746094	80.5743942261
3058.06030273	80.9764022827
3059.47338867	80.3297271729
3060.88623047	73.5127868652
3062.29931641	78.9283218384
3063.7121582	74.2263031006
3065.12524414	73.8630218506
3066.53833008	77.5719833374
3067.95117188	77.6188201904
3069.36425781	78.9716796875
3070.77709961	81.2383956909
3072.19018555	78.3739700317
3073.60302734	78.0052185059
3075.01611328	79.9959716797
3076.42895508	83.996131897
3077.84204102	84.3456039429
3079.25488281	83.506187439
3080.66796875	78.7450714111
3082.08081055	79.3420028687
3083.49389648	78.1275405884
3084.90698242	79.8006286621
3086.31982422	80.2734985352
3087.73291016	83.9129180908
3089.14575195	81.1918869019
3090.55883789	83.1361083984
3091.97167969	92.2226409912
3093.38476563	87.0856246948
3094.79760742	79.0399932861
3096.21069336	79.3039245605
3097.62353516	80.0366287231
3099.03662109	79.9250946045
3100.44946289	78.7080841064
3101.86254883	81.0484619141
3103.27563477	81.5010375977
3104.68847656	80.3983078003
3106.1015625	73.7155914307
3107.5144043	80.9713821411
3108.92749023	82.7706985474
3110.34033203	79.0289001465
3111.75341797	80.7810668945
3113.16625977	82.9897766113
3114.5793457	81.5677947998
3115.9921875	80.2734985352
3117.40527344	69.6999664307
3118.81835938	84.1393814087
3120.23120117	77.2510757446
3121.64428711	77.7463302612
3123.05712891	82.0650405884
3124.47021484	80.5906295776
3125.88305664	80.7871627808
3127.29614258	83.7317428589
3128.70898438	79.7473220825
3130.12207031	83.1664886475
3131.53491211	83.3266296387
3132.94799805	79.612197876
3134.36083984	84.7713470459
3135.77392578	83.0211868286
3137.18701172	75.044631958
3138.59985352	83.2156448364
3140.01293945	81.7133865356
3141.42578125	81.3804168701
3142.83886719	82.2734985352
3144.25170898	78.5963973999
3145.66479492	84.2149887085
3147.07763672	83.3799285889
3148.49072266	88.8017120361
3149.90356445	82.8908462524
3151.31665039	83.1139297485
3152.72949219	80.5263824463
3154.14257813	77.7015609741
3155.55566406	83.141242981
3156.96850586	81.5493087769
3158.3815918	83.3042449951
3159.79443359	81.6814575195
3161.20751953	82.395904541
3162.62036133	79.1685714722
3164.03344727	84.3082122803
3165.44628906	83.1881637573
3166.859375	83.0399780273
3168.2722168	80.9343338013
3169.68530273	87.6894683838
3171.09814453	74.6490020752
3172.51123047	84.4807815552
3173.92431641	85.5491638184
3175.3371582	86.7181091309
3176.75024414	82.9912261963
3178.16308594	82.538520813
3179.57617188	77.4558792114
3180.98901367	82.6079559326
3182.40209961	91.80809021
3183.81494141	77.7878265381
3185.22802734	86.5197601318
3186.64086914	87.3264160156
3188.05395508	86.0943984985
3189.46704102	83.7906951904
3190.87988281	83.3205795288
3192.29296875	82.5410461426
3193.70581055	85.8092575073
3195.11889648	81.3562164307
3196.53173828	83.7690429688
3197.94482422	79.7255477905
3199.35766602	80.3436813354
3200.77075195	77.4091262817
3202.18359375	79.7393341064
3203.59667969	83.7253036499
3205.00952148	80.2563247681
3206.42260742	73.7945404053
3207.83569336	82.9996109009
3209.24853516	75.1731719971
3210.66162109	74.5548782349
3212.07446289	78.473487854
3213.48754883	84.3128890991
3214.90039063	75.0414123535
3216.31347656	76.9259872437
3217.72631836	82.8671417236
3219.1394043	89.2702636719
3220.55224609	78.7617340088
3221.96533203	83.3106384277
3223.37817383	84.9009246826
3224.79125977	83.7967147827
3226.2043457	86.5568084717
3227.6171875	87.3477172852
3229.03027344	84.8037109375
3230.44311523	80.4671401978
3231.85620117	78.0124053955
3233.26904297	84.1991653442
3234.68212891	80.6111526489
3236.0949707	81.3076705933
3237.50805664	84.2226867676
3238.92089844	90.5151901245
3240.33398438	88.9518966675
3241.74707031	82.5489273071
3243.15991211	93.8890533447
3244.57299805	88.5238647461
3245.98583984	85.9265060425
3247.39892578	87.7246017456
3248.81176758	87.7404174805
3250.22485352	87.9964828491
3251.63769531	80.0654830933
3253.05078125	89.7765045166
3254.46362305	93.1177062988
3255.87670898	89.8468093872
3257.28955078	84.603225708
3258.70263672	86.2189712524
3260.11572266	87.3044509888
3261.52856445	83.0133285522
3262.94165039	88.8664779663
3264.35449219	84.4937286377
3265.76757813	88.2478408813
3267.18041992	79.908782959
3268.59350586	85.8279953003
3270.00634766	78.8728256226
3271.41943359	78.3029174805
3272.83227539	87.1157226563
3274.24536133	79.0931396484
3275.65820313	85.1884841919
3277.07128906	82.2823562622
3278.484375	83.3227920532
3279.8972168	85.1391830444
3281.31030273	83.781867981
3282.72314453	84.320854187
3284.13623047	84.3477096558
3285.54907227	82.5496292114
3286.9621582	82.1420440674
3288.375	75.8189315796
3289.78808594	78.5872268677
3291.20092773	80.6192932129
3292.61401367	85.0812606812
3294.02685547	89.3853378296
3295.43994141	81.2797012329
3296.85302734	79.3441162109
3298.26586914	84.022026062
3299.67895508	82.5917663574
3301.09179688	84.5530395508
3302.50488281	81.2415008545
3303.91772461	86.3522720337
3305.33081055	89.0786590576
3306.74365234	84.9328460693
3308.15673828	73.4327163696
3309.56958008	81.8936233521
3310.98266602	79.0612716675
3312.39575195	80.4545822144
3313.80859375	80.0103912354
3315.22167969	83.5158538818
3316.63452148	84.6202011108
3318.04760742	88.1912841797
3319.46044922	83.1038284302
3320.87353516	75.1597747803
3322.28637695	82.4971389771
3323.69946289	78.8036270142
3325.11230469	85.991317749
3326.52539063	80.9644622803
3327.93823242	81.0990371704
3329.35131836	81.8358154297
3330.7644043	89.3250045776
3332.17724609	85.3477172852
3333.59033203	85.3129577637
3335.00317383	82.8908233643
3336.41625977	82.8374938965
3337.82910156	89.5328292847
3339.2421875	83.4149703979
3340.6550293	87.2471313477
3342.06811523	88.6844100952
3343.48095703	82.0781860352
3344.89404297	85.4353179932
3346.30688477	83.3921966553
3347.7199707	79.6919784546
3349.13305664	85.3477096558
3350.54589844	85.2054138184
3351.95898438	83.4765777588
3353.37182617	82.546081543
3354.78491211	89.359336853
3356.19775391	85.5497665405
3357.61083984	80.6500244141
3359.02368164	83.320602417
3360.43676758	86.8734130859
3361.84960938	82.9139328003
3363.26269531	80.6042175293
3364.67553711	87.9247817993
3366.08862305	82.4130630493
3367.50170898	85.9001693726
3368.91455078	86.2825927734
3370.32763672	88.2028503418
3371.74047852	86.7157669067
3373.15356445	84.4586486816
3374.56640625	86.1438217163
3375.97949219	89.7512054443
3377.39233398	85.2040481567
3378.80541992	83.2758331299
3380.21826172	83.545211792
3381.63134766	79.0314025879
3383.04443359	80.9148635864
3384.45727539	87.7901535034
3385.87036133	77.8771820068
3387.28320313	84.7703704834
3388.69628906	85.2734985352
3390.10913086	85.1014633179
3391.5222168	84.5926589966
3392.93505859	85.3081512451
3394.34814453	88.42237854
3395.76098633	85.7721710205
3397.17407227	84.2801513672
3398.58691406	84.1566238403
3400	81.4608917236
