1200	518.139038086
1201.41296387	506.115722656
1202.82592773	493.726623535
1204.2388916	485.349212646
1205.65185547	484.735809326
1207.06481934	472.184143066
1208.4777832	470.639984131
1209.89086914	462.102264404
1211.30383301	455.405700684
1212.71679688	456.762481689
1214.12976074	458.40814209
1215.54272461	444.042236328
1216.95568848	410.385803223
1218.36865234	420.486053467
1219.78161621	408.58581543
1221.19458008	426.292694092
1222.60754395	419.003051758
1224.02050781	408.513580322
1225.43347168	409.968231201
1226.84655762	408.324523926
1228.25952148	404.559173584
1229.67248535	392.351623535
1231.08544922	386.578308105
1232.49841309	391.247406006
1233.91137695	372.672180176
1235.32434082	355.841308594
1236.73730469	357.613342285
1238.15026855	361.206085205
1239.56323242	364.907012939
1240.97619629	363.158813477
1242.38916016	348.693969727
1243.80212402	358.660705566
1245.21520996	355.947387695
1246.62817383	349.253448486
1248.0411377	354.040649414
1249.45410156	358.411712646
1250.86706543	343.582519531
1252.2800293	347.083404541
1253.69299316	362.472015381
1255.10595703	338.359771729
1256.5189209	326.907440186
1257.93188477	333.786804199
1259.34484863	330.683959961
1260.7578125	309.89630127
1262.17089844	321.463195801
1263.5838623	311.310821533
1264.99682617	309.615905762
1266.40979004	292.240692139
1267.82275391	285.88684082
1269.23571777	278.219238281
1270.64868164	272.256317139
1272.06164551	284.318878174
1273.47460938	275.975616455
1274.88757324	290.015014648
1276.30053711	293.4480896
1277.71350098	305.10067749
1279.12646484	297.994720459
1280.53955078	294.396575928
1281.95251465	299.688415527
1283.36547852	298.735137939
1284.77844238	306.056854248
1286.19140625	312.720916748
1287.60437012	289.425567627
1289.01733398	290.345062256
1290.43029785	299.013580322
1291.84326172	300.341949463
1293.25622559	299.15020752
1294.66918945	303.812103271
1296.08215332	306.180297852
1297.49523926	304.420776367
1298.90820313	308.79989624
1300.32116699	302.601898193
1301.73413086	317.618988037
1303.14709473	319.955749512
1304.56005859	314.593536377
1305.97302246	308.445495605
1307.38598633	288.914978027
1308.7989502	301.298095703
1310.21191406	286.32119751
1311.62487793	295.778045654
1313.0378418	299.500305176
1314.45092773	286.41217041
1315.8638916	274.656768799
1317.27685547	274.456298828
1318.68981934	278.052490234
1320.1027832	279.280914307
1321.51574707	268.694915771
1322.92871094	268.058532715
1324.3416748	270.224212646
1325.75463867	267.256103516
1327.16760254	259.419677734
1328.58056641	256.115936279
1329.99353027	256.563903809
1331.40649414	250.568817139
1332.81958008	258.77557373
1334.23254395	253.841751099
1335.64550781	258.26361084
1337.05847168	257.743743896
1338.47143555	254.935272217
1339.88439941	252.304260254
1341.29736328	256.654785156
1342.71032715	268.792449951
1344.12329102	269.264831543
1345.53625488	237.052383423
1346.94921875	246.715896606
1348.36218262	247.550140381
1349.77526855	236.291564941
1351.18823242	237.968032837
1352.60119629	241.261352539
1354.01416016	240.425506592
1355.42712402	247.293884277
1356.84008789	246.199050903
1358.25305176	265.320800781
1359.66601563	248.88873291
1361.07897949	254.902954102
1362.49194336	254.858917236
1363.90490723	253.515289307
1365.31787109	256.012176514
1366.73083496	258.132507324
1368.1439209	259.171966553
1369.55688477	272.651794434
1370.96984863	254.021820068
1372.3828125	274.3387146
1373.79577637	275.931427002
1375.20874023	273.155456543
1376.6217041	277.534942627
1378.03466797	280.650115967
1379.44763184	285.796539307
1380.8605957	309.091156006
1382.27355957	310.729736328
1383.68652344	284.596160889
1385.09960938	299.218414307
1386.51257324	315.152008057
1387.92553711	323.938232422
1389.33850098	332.246887207
1390.75146484	342.879699707
1392.16442871	355.109619141
1393.57739258	365.344573975
1394.99035645	357.958374023
1396.40332031	365.596801758
1397.81628418	357.910675049
1399.22924805	347.605224609
1400.64221191	352.281768799
1402.05517578	358.547576904
1403.46826172	362.202789307
1404.88122559	357.365844727
1406.29418945	337.012634277
1407.70715332	331.923858643
1409.12011719	342.095275879
1410.53308105	313.030975342
1411.94604492	314.903289795
1413.35900879	309.223815918
1414.77197266	310.63104248
1416.18493652	318.0128479
1417.59790039	317.83706665
1419.01086426	308.67010498
1420.4239502	302.194061279
1421.83691406	300.387939453
1423.24987793	294.140594482
1424.6628418	298.944763184
1426.07580566	280.984649658
1427.48876953	281.233642578
1428.9017334	282.075805664
1430.31469727	270.66986084
1431.72766113	260.752685547
1433.140625	253.248443604
1434.55358887	237.999984741
1435.96655273	237.999984741
1437.3795166	230.819320679
1438.79260254	229.415054321
1440.20556641	225.654983521
1441.61853027	218.50491333
1443.03149414	218.165634155
1444.44445801	219.003372192
1445.85742188	205.591369629
1447.27038574	196.415039063
1448.68334961	196.415039063
1450.09631348	190.146606445
1451.50927734	200.161483765
1452.92224121	195.036178589
1454.33520508	195.261749268
1455.74829102	196.556808472
1457.16125488	193.48928833
1458.57421875	189.629348755
1459.98718262	188.571670532
1461.40014648	202.54524231
1462.81311035	222.665725708
1464.22607422	212.178955078
1465.63903809	256.858459473
1467.05200195	301.077331543
1468.46496582	374.148956299
1469.87792969	488.090423584
1471.29089355	614.75604248
1472.70385742	732.672668457
1474.11694336	855.126953125
1475.52990723	961.348815918
1476.94287109	1032.90759277
1478.35583496	1096.34667969
1479.76879883	1056.49987793
1481.1817627	1048.84777832
1482.59472656	1023.62792969
1484.00769043	1002.87213135
1485.4206543	1020.69335938
1486.83361816	1051.60009766
1488.24658203	1074.33312988
1489.6595459	1071.46862793
1491.07263184	1092.1817627
1492.4855957	1106.12182617
1493.89855957	1165.69641113
1495.31152344	1220.04516602
1496.7244873	1284.34033203
1498.13745117	1351.21008301
1499.55041504	1442.11340332
1500.96337891	1589.94580078
1502.37634277	1763.984375
1503.78930664	1961.89685059
1505.20227051	2112.16015625
1506.61523438	2316.19555664
1508.02832031	2401.44262695
1509.44128418	2565.45214844
1510.85424805	2668.98046875
1512.26721191	2776.72802734
1513.68017578	2920.91186523
1515.09313965	3006.43652344
1516.50610352	3024.31835938
1517.91906738	3046.99804688
1519.33203125	2982.31958008
1520.74499512	2885.18652344
1522.15795898	2906.83764648
1523.57092285	2923.81494141
1524.98388672	2871.83911133
1526.39697266	2778.48413086
1527.80993652	2708.55786133
1529.22290039	2667.93115234
1530.63586426	2612.99853516
1532.04882813	2569.69628906
1533.46179199	2582.52709961
1534.87475586	2500.15917969
1536.28771973	2536.5222168
1537.70068359	2544.85229492
1539.11364746	2495.57055664
1540.52661133	2453.50024414
1541.9395752	2419.56542969
1543.35266113	2360.7746582
1544.765625	2280.02587891
1546.17858887	2191.92700195
1547.59155273	2054.81640625
1549.0045166	1943.30322266
1550.41748047	1765.54467773
1551.83044434	1646.60058594
1553.2434082	1568.43652344
1554.65637207	1482.45056152
1556.06933594	1430.11474609
1557.4822998	1395.89611816
1558.89526367	1363.23974609
1560.30822754	1339.84765625
1561.72131348	1293.58288574
1563.13427734	1268.78637695
1564.54724121	1236.61975098
1565.96020508	1230.12658691
1567.37316895	1209.8684082
1568.78613281	1235.79492188
1570.19909668	1292.71936035
1571.61206055	1341.13378906
1573.02502441	1383.36889648
1574.43798828	1428.87646484
1575.85095215	1481.95947266
1577.26391602	1569.77954102
1578.67700195	1670.23852539
1580.08996582	1774.87915039
1581.50292969	1952.35852051
1582.91589355	1996.65576172
1584.32885742	1959.73449707
1585.74182129	1800.97729492
1587.15478516	1588.1998291
1588.56774902	1390.83349609
1589.98071289	1232.53198242
1591.39367676	1122.19177246
1592.80664063	1053.86706543
1594.21960449	974.995117188
1595.63256836	956.375244141
1597.0456543	952.72833252
1598.45861816	982.943969727
1599.87158203	1006.91900635
1601.2845459	1027.10754395
1602.69750977	1026.17346191
1604.11047363	1024.56311035
1605.5234375	1042.3737793
1606.93640137	1050.92895508
1608.34936523	1018.47271729
1609.7623291	989.894287109
1611.17529297	981.682617188
1612.58825684	958.288330078
1614.00134277	976.396606445
1615.41430664	938.092407227
1616.82727051	970.582519531
1618.24023438	1025.47509766
1619.65319824	1059.49243164
1621.06616211	1058.39355469
1622.47912598	1034.53063965
1623.89208984	996.40411377
1625.30505371	929.937255859
1626.71801758	862.61895752
1628.13098145	827.416625977
1629.54394531	808.577697754
1630.95690918	751.169921875
1632.36999512	706.330871582
1633.78295898	680.375732422
1635.19592285	667.083679199
1636.60888672	650.413757324
1638.02185059	620.196838379
1639.43481445	596.415039063
1640.84777832	594.21496582
1642.26074219	588.992126465
1643.67370605	595.889343262
1645.08666992	631.74041748
1646.49963379	608.7890625
1647.91259766	631.197753906
1649.32568359	634.543518066
1650.73864746	639.715759277
1652.15161133	613.269104004
1653.5645752	599.160461426
1654.97753906	596.96697998
1656.39050293	571.628540039
1657.8034668	534.589538574
1659.21643066	517.414916992
1660.62939453	502.41506958
1662.0423584	503.775024414
1663.45532227	529.529785156
1664.86828613	529.157958984
1666.28125	554.035888672
1667.69433594	566.54876709
1669.1072998	592.600769043
1670.52026367	637.262268066
1671.93322754	678.32220459
1673.34619141	715.23046875
1674.75915527	774.176086426
1676.17211914	848.476623535
1677.58508301	891.769836426
1678.99804688	952.215942383
1680.41101074	1058.2565918
1681.82397461	1110.80004883
1683.23693848	1217.9453125
1684.65002441	1326.65991211
1686.06298828	1454.04516602
1687.47595215	1524.11816406
1688.88891602	1524.01245117
1690.30187988	1505.72033691
1691.71484375	1461.17871094
1693.12780762	1387.79943848
1694.54077148	1352.54223633
1695.95373535	1317.9666748
1697.36669922	1268.10827637
1698.77966309	1259.12475586
1700.19262695	1342.26525879
1701.60571289	1428.48583984
1703.01867676	1515.61682129
1704.43164063	1606.81335449
1705.84460449	1648.72180176
1707.25756836	1662.08215332
1708.67053223	1675.3182373
1710.08349609	1674.18566895
1711.49645996	1675.83642578
1712.90942383	1708.14123535
1714.3223877	1697.50354004
1715.73535156	1669.38964844
1717.14831543	1580.59533691
1718.5612793	1553.36279297
1719.97436523	1462.64855957
1721.3873291	1360.64831543
1722.80029297	1288.06604004
1724.21325684	1250.05053711
1725.6262207	1228.88720703
1727.03918457	1158.28588867
1728.45214844	1089.02563477
1729.8651123	1061.43737793
1731.27807617	1027.67797852
1732.69104004	1005.22521973
1734.10400391	977.709716797
1735.51696777	945.304626465
1736.93005371	948.864318848
1738.34301758	916.386047363
1739.75598145	912.637023926
1741.16894531	890.807067871
1742.58190918	882.850219727
1743.99487305	860.979675293
1745.40783691	841.717956543
1746.82080078	821.423522949
1748.23376465	798.114440918
1749.64672852	794.72265625
1751.05969238	792.401977539
1752.47265625	757.17980957
1753.88562012	775.843261719
1755.29870605	757.792907715
1756.71166992	755.62097168
1758.12463379	774.767333984
1759.53759766	747.24395752
1760.95056152	738.990356445
1762.36352539	746.360900879
1763.77648926	755.771362305
1765.18945313	729.545349121
1766.60241699	695.747741699
1768.01538086	712.49786377
1769.42834473	739.2265625
1770.84130859	713.554931641
1772.25439453	690.041259766
1773.6673584	695.947509766
1775.08032227	657.166625977
1776.49328613	666.097473145
1777.90625	667.961975098
1779.31921387	686.28894043
1780.73217773	668.868164063
1782.1451416	680.6875
1783.55810547	705.666748047
1784.97106934	684.265319824
1786.3840332	668.240722656
1787.79699707	673.848632813
1789.20996094	675.868530273
1790.62304688	669.328552246
1792.03601074	665.76171875
1793.44897461	668.060424805
1794.86193848	671.738220215
1796.27490234	675.914123535
1797.68786621	651.765869141
1799.10083008	682.059326172
1800.51379395	670.406066895
1801.92675781	640.690246582
1803.33972168	663.024414063
1804.75268555	654.97265625
1806.16564941	669.12286377
1807.57873535	667.81072998
1808.99169922	650.186462402
1810.40466309	653.756958008
1811.81762695	657.787963867
1813.23059082	653.539489746
1814.64355469	667.882263184
1816.05651855	660.330932617
1817.46948242	665.633728027
1818.88244629	666.522766113
1820.29541016	643.132751465
1821.70837402	646.881225586
1823.12133789	662.822998047
1824.53430176	642.067504883
1825.9473877	635.18762207
1827.36035156	647.418884277
1828.77331543	628.344421387
1830.1862793	631.251220703
1831.59924316	635.26550293
1833.01220703	615.870483398
1834.4251709	614.824890137
1835.83813477	638.20123291
1837.25109863	642.523864746
1838.6640625	640.875244141
1840.07702637	643.406066895
1841.48999023	629.237060547
1842.90307617	650.565979004
1844.31604004	643.040588379
1845.72900391	668.235290527
1847.14196777	624.835021973
1848.55493164	625.426147461
1849.96789551	637.913391113
1851.38085938	623.66973877
1852.79382324	629.436523438
1854.20678711	633.514587402
1855.61975098	634.656188965
1857.03271484	631.227050781
1858.44567871	626.901611328
1859.85864258	640.144470215
1861.27172852	649.77722168
1862.68469238	634.699951172
1864.09765625	633.560791016
1865.51062012	643.772827148
1866.92358398	609.36517334
1868.33654785	614.998168945
1869.74951172	614.446289063
1871.16247559	620.277038574
1872.57543945	588.473083496
1873.98840332	618.520690918
1875.40136719	598.723449707
1876.81433105	609.226928711
1878.22741699	607.360412598
1879.64038086	604.541931152
1881.05334473	616.475158691
1882.46630859	604.966491699
1883.87927246	584.650146484
1885.29223633	584.284240723
1886.7052002	578.958129883
1888.11816406	600.002746582
1889.53112793	604.488037109
1890.9440918	577.470397949
1892.35705566	592.512145996
1893.77001953	578.541931152
1895.1829834	597.469726563
1896.59606934	588.150756836
1898.0090332	574.312133789
1899.42199707	560.903381348
1900.83496094	569.40045166
1902.2479248	552.15222168
1903.66088867	560.503601074
1905.07385254	567.75958252
1906.48681641	565.415039063
1907.89978027	554.952087402
1909.31274414	528.593261719
1910.72570801	518.445678711
1912.13867188	531.125915527
1913.55175781	514.22467041
1914.96472168	492.223144531
1916.37768555	494.638122559
1917.79064941	516.591918945
1919.20361328	480.176635742
1920.61657715	446.992767334
1922.02954102	446.437438965
1923.44250488	443.303222656
1924.85546875	443.860900879
1926.26843262	426.975280762
1927.68139648	400.939941406
1929.09436035	392.873352051
1930.50744629	365.308013916
1931.92041016	338.929290771
1933.33337402	323.691467285
1934.74633789	290.814147949
1936.15930176	250.156066895
1937.57226563	224.448226929
1938.98522949	201.609954834
1940.39819336	177.713546753
1941.81115723	160.896514893
1943.22412109	142.225479126
1944.63708496	129.521728516
1946.05004883	129.732192993
1947.4630127	114.234466553
1948.87609863	116.847099304
1950.2890625	112.079353333
1951.70202637	114.810554504
1953.11499023	107.88243866
1954.5279541	99.7655563354
1955.94091797	104.451881409
1957.35388184	101.499572754
1958.7668457	101.407714844
1960.17980957	105.560539246
1961.59277344	99.8257751465
1963.0057373	96.6957015991
1964.41870117	96.1358413696
1965.83178711	94.217956543
1967.24475098	94.4292755127
1968.65771484	94.3915710449
1970.07067871	94.771194458
1971.48364258	99.4779129028
1972.89660645	102.063217163
1974.30957031	94.6746368408
1975.72253418	94.155960083
1977.13549805	97.6971740723
1978.54846191	95.3118286133
1979.96142578	94.3892059326
1981.37438965	106.817497253
1982.78735352	101.346916199
1984.20043945	97.401550293
1985.61340332	97.0000076294
1987.02636719	98.1503753662
1988.43933105	88.0761108398
1989.85229492	88.6397857666
1991.26525879	94.1106185913
1992.67822266	94.0704040527
1994.09118652	96.2549285889
1995.50415039	93.7077941895
1996.91711426	89.4822692871
1998.33007813	88.5242919922
1999.74304199	88.614616394
2001.15612793	92.7914276123
2002.5690918	94.126159668
2003.98205566	88.5578155518
2005.39501953	90.1054992676
2006.8079834	86.6131134033
2008.22094727	91.051361084
2009.63391113	88.6494293213
2011.046875	97.1239395142
2012.45983887	89.9589767456
2013.87280273	89.4923324585
2015.2857666	91.9766845703
2016.69873047	95.2478637695
2018.11169434	96.8610153198
2019.52478027	94.7437438965
2020.93774414	89.4086532593
2022.35070801	88.880241394
2023.76367188	85.9719085693
2025.17663574	90.3266067505
2026.58959961	84.6488800049
2028.00256348	82.9286117554
2029.41552734	84.6048278809
2030.82849121	86.9368286133
2032.24145508	90.8428192139
2033.65441895	91.5237350464
2035.06738281	93.6429672241
2036.48046875	92.7349319458
2037.89343262	90.3721542358
2039.30639648	95.9993133545
2040.71936035	89.7434921265
2042.13232422	86
2043.54528809	86.9449920654
2044.95825195	89.198059082
2046.37121582	86.6564941406
2047.78417969	89.1511306763
2049.19726563	83.7897567749
2050.61010742	86.6983566284
2052.02319336	75.1839141846
2053.43603516	82.9070129395
2054.84912109	83
2056.26196289	83.918548584
2057.67504883	87.5377578735
2059.08789063	88
2060.50097656	88
2061.91381836	91.1280136108
2063.3269043	92
2064.73999023	86.9934768677
2066.15283203	86.3643112183
2067.56591797	87.2691268921
2068.97875977	93.3122634888
2070.3918457	87.6781539917
2071.8046875	85.6295852661
2073.21777344	86.0931015015
2074.63061523	82.0286407471
2076.04370117	83.9074783325
2077.45654297	86.3989028931
2078.86962891	88.1124038696
2080.28271484	92.6424026489
2081.69555664	89.7158432007
2083.10864258	87.0662078857
2084.52148438	92.5283050537
2085.93457031	91.6679458618
2087.34741211	83.8816680908
2088.76049805	83.5149993896
2090.17333984	84.9024658203
2091.58642578	89.927230835
2092.99926758	86.0333938599
2094.41235352	86.5667800903
2095.82519531	89.1352233887
2097.23828125	76.1166915894
2098.65136719	78.8861846924
2100.06420898	86.4626235962
2101.47729492	87
2102.89013672	81.7501831055
2104.30322266	79.3075485229
2105.71606445	85.5420379639
2107.12915039	88.9062805176
2108.54199219	83.0097427368
2109.95507813	84.665397644
2111.36791992	86
2112.78100586	85.6036453247
2114.19384766	85.1452713013
2115.60693359	78.7741851807
2117.02001953	78.8240585327
2118.43286133	80.0395050049
2119.84594727	82.2557296753
2121.25878906	78.2939605713
2122.671875	79.3396682739
2124.0847168	87.6550598145
2125.49780273	84.303352356
2126.91064453	79.5810852051
2128.32373047	82.5638885498
2129.73657227	84.9216766357
2131.1496582	79.6538314819
2132.5625	76.0919723511
2133.97558594	83.5679702759
2135.38867188	81.1149139404
2136.80151367	72.6750411987
2138.21459961	80.9940948486
2139.62744141	81.010559082
2141.04052734	87.8385848999
2142.45336914	85.4901123047
2143.86645508	76.4530334473
2145.27929688	79.90965271
2146.69238281	79.4944534302
2148.10522461	86.5441360474
2149.51831055	89.3476715088
2150.93139648	86.0084609985
2152.34423828	87.3790359497
2153.75732422	83.2139205933
2155.17016602	86.1758422852
2156.58325195	77.8721313477
2157.99609375	76.1150054932
2159.40917969	81.5348892212
2160.82202148	89.6403045654
2162.23510742	86.0805587769
2163.64794922	77.8162384033
2165.06103516	79.8871765137
2166.47387695	82.512550354
2167.88696289	80.7922363281
2169.30004883	81.4303436279
2170.71289063	82
2172.12597656	79.9775085449
2173.53881836	82.2698669434
2174.9519043	85.9029388428
2176.36474609	81.469543457
2177.77783203	79.7832183838
2179.19067383	79.2745056152
2180.60375977	82.4472427368
2182.01660156	82.7783432007
2183.4296875	84.6624984741
2184.8425293	86.5031280518
2186.25561523	84.4808578491
2187.66870117	80.3753967285
2189.08154297	75.8886260986
2190.49462891	82.1144104004
2191.9074707	87.3662948608
2193.32055664	82.2658233643
2194.73339844	82.6339645386
2196.14648438	85.6417312622
2197.55932617	76.8018264771
2198.97241211	77.2461700439
2200.38525391	81.1343688965
2201.79833984	82.2552108765
2203.21142578	76.8046646118
2204.62426758	87.1058731079
2206.03735352	88.2735595703
2207.45019531	87.8659591675
2208.86328125	77.8304748535
2210.27612305	82.1536331177
2211.68920898	85.411857605
2213.10205078	78.9698410034
2214.51513672	84
2215.92797852	83.8685302734
2217.34106445	82.5313339233
2218.75390625	79.3091049194
2220.16699219	82.3884658813
2221.58007813	86.4585113525
2222.99291992	86.7576370239
2224.40600586	83
2225.81884766	83.0792312622
2227.23193359	85.446434021
2228.64477539	87
2230.05786133	87
2231.47070313	85.0394134521
2232.88378906	85
2234.29663086	78.310546875
2235.7097168	81.2186965942
2237.12255859	78.2375183105
2238.53564453	82.5938873291
2239.94873047	83.9072799683
2241.36157227	84.8947296143
2242.7746582	77.9325942993
2244.1875	80.8511657715
2245.60058594	80.1960754395
2247.01342773	83.4030990601
2248.42651367	79.7993011475
2249.83935547	81.4863891602
2251.25244141	84.4552993774
2252.6652832	79.3418502808
2254.07836914	78.7984542847
2255.49121094	82.9439926147
2256.90429688	80.8832778931
2258.31738281	86.1585998535
2259.73022461	85.7179718018
2261.14331055	82.3056640625
2262.55615234	79.9313964844
2263.96923828	80.5765991211
2265.38208008	84.9225997925
2266.79516602	88.6062774658
2268.20800781	90.8300323486
2269.62109375	91.4602432251
2271.03393555	89.0612106323
2272.44702148	86.3993377686
2273.86010742	86.7300567627
2275.27294922	81.7963180542
2276.68603516	81.7941970825
2278.09887695	85.8360214233
2279.51196289	89.0846481323
2280.92480469	83.3805084229
2282.33789063	87.0392456055
2283.75073242	94.7321624756
2285.16381836	91.3655853271
2286.57666016	85.8320922852
2287.98974609	85.965057373
2289.40258789	91.356628418
2290.81567383	91.0498504639
2292.22875977	88.0042114258
2293.64160156	90.0890350342
2295.0546875	95.4878311157
2296.4675293	96.4333190918
2297.88061523	94.1209793091
2299.29345703	87.1092376709
2300.70654297	89.6194229126
2302.11938477	94.8981552124
2303.5324707	94.9276733398
2304.9453125	86.1304779053
2306.35839844	86.1573486328
2307.77124023	93.1247406006
2309.18432617	93.8763580322
2310.59741211	92.92578125
2312.01025391	88.53540802
2313.42333984	87.9721984863
2314.83618164	87.4496154785
2316.24926758	87.7044219971
2317.66210938	88.9911270142
2319.07519531	89.2164077759
2320.48803711	86.8796768188
2321.90112305	85.8855667114
2323.31396484	88.9547119141
2324.72705078	94.1054458618
2326.13989258	100.824188232
2327.55297852	117.621292114
2328.96606445	141.680084229
2330.37890625	146.91569519
2331.79199219	126.358818054
2333.20483398	102.856887817
2334.61791992	92.0391921997
2336.03076172	87.4376831055
2337.44384766	84.4302749634
2338.85668945	81.4615783691
2340.26977539	81.5036315918
2341.68261719	82.4862365723
2343.09570313	85.0958099365
2344.50878906	87.2846984863
2345.92163086	83.6019287109
2347.3347168	82.3831100464
2348.74755859	84.5128097534
2350.16064453	87.2792816162
2351.57348633	88.6994476318
2352.98657227	86.671875
2354.39941406	88.6286239624
2355.8125	84.6940994263
2357.2253418	85.2299880981
2358.63842773	90.832824707
2360.05126953	91.0172424316
2361.46435547	87.6721343994
2362.87744141	87.3986282349
2364.2902832	91.1882553101
2365.70336914	90.5952301025
2367.11621094	89.488822937
2368.52929688	89.3539733887
2369.94213867	85.7708740234
2371.35522461	89.4169540405
2372.76806641	90.0293579102
2374.18115234	91.3396987915
2375.59399414	92.723236084
2377.00708008	94.2380828857
2378.41992188	94.0383148193
2379.83300781	95.5101547241
2381.24609375	100.519203186
2382.65893555	95.8732833862
2384.07202148	89.6325683594
2385.48486328	89.2854156494
2386.89794922	94.625038147
2388.31079102	94.7108154297
2389.72387695	96.8820495605
2391.13671875	92.8785629272
2392.54980469	92.803817749
2393.96264648	95.1399688721
2395.37573242	96.8667526245
2396.78857422	100.398414612
2398.20166016	103.22820282
2399.61474609	100.437080383
2401.02758789	97.3142471313
2402.44067383	93.0976333618
2403.85351563	94.2268829346
2405.26660156	96.3664932251
2406.67944336	91.2390289307
2408.0925293	92.5189819336
2409.50537109	93.4441375732
2410.91845703	95.9232940674
2412.33129883	94.6665039063
2413.74438477	93.9968261719
2415.1574707	98.0390090942
2416.5703125	98.8798828125
2417.98339844	97.6086196899
2419.39624023	101.596321106
2420.80932617	99.9118804932
2422.22216797	100.050567627
2423.63525391	109.241226196
2425.0480957	99.4966201782
2426.46118164	97.9703292847
2427.87402344	97.9088516235
2429.28710938	102.615119934
2430.69995117	102.611442566
2432.11303711	101.87802124
2433.52612305	108.608016968
2434.93896484	108.645729065
2436.35205078	114.255119324
2437.76489258	113.818664551
2439.17797852	113.733169556
2440.59082031	115.838996887
2442.00390625	126.555992126
2443.41674805	130.58795166
2444.82983398	134.587646484
2446.24267578	142.240066528
2447.65576172	154.728637695
2449.06860352	149.97442627
2450.48168945	150.01512146
2451.89477539	169.651489258
2453.30761719	164.521179199
2454.72070313	165.908950806
2456.13354492	158.28237915
2457.54663086	157.721984863
2458.95947266	156.469024658
2460.37255859	157.109085083
2461.78540039	151.516723633
2463.19848633	150.882568359
2464.61132813	139.985610962
2466.02441406	137.328445435
2467.4375	144.539627075
2468.8503418	136.934249878
2470.26342773	128.739730835
2471.67626953	128.994415283
2473.08935547	131.541275024
2474.50219727	124.85294342
2475.9152832	133.021469116
2477.328125	129.441818237
2478.74121094	121.208320618
2480.15405273	121.146751404
2481.56713867	123.688400269
2482.97998047	119.98639679
2484.39306641	120.534484863
2485.80615234	118.690795898
2487.21899414	111.970024109
2488.63208008	116.259384155
2490.04492188	105.717498779
2491.45800781	111.91355896
2492.87084961	110.392623901
2494.28393555	113.457672119
2495.69677734	114.052719116
2497.10986328	114.285186768
2498.52270508	112.236763
2499.93579102	109.671508789
2501.34863281	105.778747559
2502.76171875	104.259635925
2504.17480469	109.392944336
2505.58764648	105.457595825
2507.00073242	103.898269653
2508.41357422	106.636108398
2509.82666016	111.695465088
2511.23950195	106.838096619
2512.65258789	104.434364319
2514.06542969	99.4843063354
2515.47851563	104.363937378
2516.89135742	108.295692444
2518.30444336	101.049736023
2519.71728516	105.796318054
2521.13037109	109.750183105
2522.54345703	103.992477417
2523.95629883	98.3845596313
2525.36938477	98.7372665405
2526.78222656	99.4071044922
2528.1953125	101.940132141
2529.6081543	104.604484558
2531.02124023	103.445259094
2532.43408203	100.772514343
2533.84716797	99.6792984009
2535.26000977	99.4565582275
2536.6730957	100.478965759
2538.08618164	99.8883285522
2539.49902344	103.421897888
2540.91210938	99.4032516479
2542.32495117	101.693534851
2543.73803711	98.6826782227
2545.15087891	96.154335022
2546.56396484	98.0608596802
2547.97680664	99.5998153687
2549.38989258	100.220825195
2550.80273438	103.317024231
2552.21582031	96.6904983521
2553.62866211	100.135910034
2555.04174805	101.390678406
2556.45483398	100.598365784
2557.86767578	100.641548157
2559.28076172	96.5440139771
2560.69360352	98.0575790405
2562.10668945	99.5090026855
2563.51953125	100.291938782
2564.93261719	104.010818481
2566.34545898	101.031013489
2567.75854492	98.5585250854
2569.17138672	102.543464661
2570.58447266	107.751426697
2571.99731445	104.950523376
2573.41040039	104.280982971
2574.82348633	110.727371216
2576.23632813	107.656967163
2577.64941406	105.313728333
2579.06225586	106.909416199
2580.4753418	105.836883545
2581.88818359	108.578605652
2583.30126953	110.280151367
2584.71411133	106.684165955
2586.12719727	111.304763794
2587.54003906	105.490844727
2588.953125	105.261184692
2590.3659668	106.362358093
2591.77905273	109.253425598
2593.19213867	111.96622467
2594.60498047	111.994911194
2596.01806641	115.195632935
2597.4309082	114.549034119
2598.84399414	117.914039612
2600.25683594	116.03956604
2601.66992188	119.347183228
2603.08276367	114.564880371
2604.49584961	120.901885986
2605.90869141	119.208557129
2607.32177734	118.813110352
2608.73486328	119.598129272
2610.14770508	123.126419067
2611.56079102	125.40927887
2612.97363281	127.018295288
2614.38671875	124.777137756
2615.79956055	127.911827087
2617.21264648	135.536529541
2618.62548828	143.205871582
2620.03857422	144.034057617
2621.45141602	144.274520874
2622.86450195	145.966537476
2624.27734375	148.736450195
2625.69042969	159.254135132
2627.10351563	168.009429932
2628.51635742	171.735046387
2629.92944336	173.221221924
2631.34228516	185.934677124
2632.75537109	197.105926514
2634.16821289	208.057174683
2635.58129883	214.236206055
2636.99414063	209.42729187
2638.40722656	220.06413269
2639.82006836	238.516647339
2641.2331543	270.064880371
2642.64599609	282.712615967
2644.05908203	299.944458008
2645.47216797	338.614746094
2646.88500977	371.607421875
2648.2980957	397.923736572
2649.7109375	416.511260986
2651.12402344	464.720397949
2652.53686523	509.868621826
2653.94995117	552.266601563
2655.36279297	624.415710449
2656.77587891	696.398498535
2658.1887207	778.544555664
2659.60180664	858.36706543
2661.01489258	990.613952637
2662.42773438	1108.5189209
2663.84082031	1187.60229492
2665.25366211	1329.93737793
2666.66674805	1431.34313965
2668.07958984	1596.32446289
2669.49267578	1628.94714355
2670.90551758	1755.73718262
2672.31860352	1848.00524902
2673.73144531	1883.3815918
2675.14453125	1881.62780762
2676.55737305	1876.35583496
2677.97045898	1870.42541504
2679.38354492	1793.18981934
2680.79638672	1724.08679199
2682.20947266	1628.88110352
2683.62231445	1522.5592041
2685.03540039	1381.37097168
2686.44824219	1232.53686523
2687.86132813	1130.69067383
2689.27416992	1046.25219727
2690.68725586	935.766174316
2692.10009766	831.012145996
2693.51318359	747.786499023
2694.92602539	665.215942383
2696.33911133	591.175048828
2697.75219727	537.944213867
2699.16503906	480.993865967
2700.578125	462.64743042
2701.9909668	382.505981445
2703.40405273	358.342590332
2704.81689453	339.749420166
2706.22998047	333.180725098
2707.64282227	302.622070313
2709.0559082	282.03527832
2710.46875	261.87902832
2711.88183594	231.395690918
2713.29467773	217.000518799
2714.70776367	209.795135498
2716.12084961	217.548828125
2717.53369141	207.068267822
2718.94677734	196.172332764
2720.35961914	187.580535889
2721.77270508	180.192977905
2723.18554688	175.431167603
2724.59863281	172.493209839
2726.01147461	164.871765137
2727.42456055	158.338592529
2728.83740234	151.536224365
2730.25048828	147.508163452
2731.66357422	152.314712524
2733.07641602	146.494689941
2734.48950195	146.975692749
2735.90234375	138.168731689
2737.31542969	143.362518311
2738.72827148	137.17326355
2740.14135742	142.141281128
2741.55419922	130.850387573
2742.96728516	135.303146362
2744.38012695	128.994308472
2745.79321289	122.298904419
2747.20605469	121.056846619
2748.61914063	123.039131165
2750.03222656	125.328903198
2751.44506836	121.876785278
2752.8581543	120.868347168
2754.27099609	122.332252502
2755.68408203	128.053939819
2757.09692383	130.005874634
2758.51000977	123.135215759
2759.92285156	128.374435425
2761.3359375	120.3126297
2762.7487793	111.138015747
2764.16186523	116.364196777
2765.57470703	120.282226563
2766.98779297	112.322532654
2768.40087891	104.297172546
2769.8137207	113.955688477
2771.22680664	107.820091248
2772.63964844	112.235839844
2774.05273438	111.219497681
2775.46557617	116.532913208
2776.87866211	115.15662384
2778.29150391	116.146179199
2779.70458984	109.171615601
2781.11743164	107.205444336
2782.53051758	108.827957153
2783.94335938	109.853187561
2785.35644531	110.947029114
2786.76953125	106.180908203
2788.18237305	106.018135071
2789.59545898	106.418861389
2791.00830078	100.00453186
2792.42138672	105.655448914
2793.83422852	104.297996521
2795.24731445	103.474708557
2796.66015625	103.690223694
2798.07324219	106.145332336
2799.48608398	101.483558655
2800.89916992	103.116661072
2802.31225586	102.197746277
2803.72509766	101.661499023
2805.13818359	97.6478271484
2806.55102539	97.5669326782
2807.96411133	108.182342529
2809.37695313	98.2300567627
2810.79003906	100.859176636
2812.20288086	104.12701416
2813.6159668	106.693321228
2815.02880859	101.551086426
2816.44189453	96.36668396
2817.85473633	108.759727478
2819.26782227	104.344726563
2820.6809082	96.2359313965
2822.09375	98.6545257568
2823.50683594	100.916694641
2824.91967773	100.742446899
2826.33276367	97.4806213379
2827.74560547	104.233757019
2829.15869141	100.301330566
2830.5715332	104.672348022
2831.98461914	105.996322632
2833.39746094	111.76158905
2834.81054688	96.8649597168
2836.22338867	91.1568527222
2837.63647461	102.68812561
2839.04956055	99.9163742065
2840.46240234	98.8718109131
2841.87548828	103.94077301
2843.28833008	97.9312973022
2844.70141602	98.3452682495
2846.11425781	99.8203582764
2847.52734375	94.3681411743
2848.94018555	99.4447402954
2850.35327148	97.8055267334
2851.76611328	106.504043579
2853.17919922	97.6306228638
2854.59228516	96.9379119873
2856.00512695	100.045143127
2857.41821289	99.966003418
2858.83105469	101.278549194
2860.24414063	112.734222412
2861.65698242	103.212882996
2863.07006836	101.719367981
2864.48291016	100.515892029
2865.89599609	96.9963150024
2867.30883789	100.846954346
2868.72192383	99.0721282959
2870.13476563	101.548866272
2871.54785156	100.222618103
2872.9609375	97.344329834
2874.3737793	101.474784851
2875.78686523	98.1325531006
2877.19970703	96.8558197021
2878.61279297	92.9963226318
2880.02563477	92.9963150024
2881.4387207	93.7347946167
2882.8515625	96.0118026733
2884.26464844	94.8621139526
2885.67749023	98.5021896362
2887.09057617	100.752365112
2888.50341797	95.8222961426
2889.91650391	97.0649032593
2891.32958984	102.518745422
2892.74243164	103.18712616
2894.15551758	94.1008224487
2895.56835938	104.54335022
2896.98144531	102.868560791
2898.39428711	98.9075469971
2899.80737305	105.273246765
2901.22021484	102.263069153
2902.63330078	99.4350585938
2904.04614258	94.8372879028
2905.45922852	101.847297668
2906.87207031	100.051498413
2908.28515625	96.0267791748
2909.69824219	96.743850708
2911.11108398	104.007270813
2912.52416992	98.4064331055
2913.93701172	96.0771026611
2915.35009766	101.986343384
2916.76293945	99.7038879395
2918.17602539	96.4948501587
2919.58886719	98.5821075439
2921.00195313	96.7087631226
2922.41479492	96.0266494751
2923.82788086	94.6300888062
2925.2409668	95.6576843262
2926.65380859	98.6345977783
2928.06689453	102.471755981
2929.47973633	104.007904053
2930.89282227	93.0718154907
2932.30566406	94.6690444946
2933.71875	102.964691162
2935.1315918	95.777015686
2936.54467773	93.3504180908
2937.95751953	96.432975769
2939.37060547	98.8749084473
2940.78344727	98.304901123
2942.1965332	100.314956665
2943.60961914	101.052452087
2945.02246094	99.7334136963
2946.43554688	96.7041625977
2947.84838867	96.2470550537
2949.26147461	99.5168457031
2950.67431641	93.3614044189
2952.08740234	103.786987305
2953.50024414	94.2740783691
2954.91333008	89.5278244019
2956.32617188	99.0191497803
2957.73925781	104.873855591
2959.15209961	100.996322632
2960.56518555	99.9879074097
2961.97827148	99.0159225464
2963.39111328	98.3156585693
2964.80419922	99.5238342285
2966.21704102	104.228744507
2967.63012695	93.8463439941
2969.04296875	100.068313599
2970.45605469	101.711029053
2971.86889648	99.3548355103
2973.28198242	100.208442688
2974.69482422	97.9963150024
2976.10791016	96.7048339844
2977.52075195	93.9911575317
2978.93383789	93.0451431274
2980.34692383	98.4811477661
2981.75976563	97.1509475708
2983.17285156	98.5588760376
2984.58569336	97.118057251
2985.9987793	91.1213302612
2987.41162109	94.371963501
2988.82470703	96.9963226318
2990.23754883	95.8639068604
2991.65063477	94.1035003662
2993.06347656	92.351348877
2994.4765625	93.4478225708
2995.88964844	99.2740249634
2997.30249023	100.713188171
2998.71557617	93.8018035889
3000.12841797	83.9744491577
3001.54150391	99.6429138184
3002.9543457	98.9092941284
3004.36743164	96.8819961548
3005.78027344	94.7779693604
3007.19335938	92.9918441772
3008.60620117	94.48878479
3010.01928711	93.0618896484
3011.43212891	96.824798584
3012.84521484	91.121421814
3014.25830078	94.2283477783
3015.67114258	91.6962966919
3017.08422852	94.8342514038
3018.49707031	100.850128174
3019.91015625	97.5841751099
3021.32299805	97.5622406006
3022.73608398	104.710960388
3024.14892578	99.1293334961
3025.56201172	94.0132064819
3026.97485352	93.5914230347
3028.38793945	91.9360275269
3029.80078125	90.9963226318
3031.21386719	95.3506622314
3032.62695313	96.9597702026
3034.03979492	99.7217712402
3035.45288086	95.0378875732
3036.86572266	95.4798049927
3038.27880859	97.9998321533
3039.69165039	100.017227173
3041.10473633	97.9582214355
3042.51757813	94.1689300537
3043.93066406	92.9963150024
3045.34350586	96.2491607666
3046.7565918	92.5554428101
3048.16967773	95.9683761597
3049.58251953	98.1159057617
3050.99560547	89.3697891235
3052.40844727	93.5328292847
3053.8215332	97.3805007935
3055.234375	95.8115005493
3056.64746094	98.4591445923
3058.06030273	92.06275177
3059.47338867	96.5721435547
3060.88623047	99.8923950195
3062.29931641	96.2445068359
3063.7121582	99.2795028687
3065.12524414	103.838745117
3066.53833008	95.7851028442
3067.95117188	92.336265564
3069.36425781	95.6202774048
3070.77709961	96.8831863403
3072.19018555	96.2805786133
3073.60302734	91.1425552368
3075.01611328	96.4701004028
3076.42895508	89.632194519
3077.84204102	100.625717163
3079.25488281	88.8915100098
3080.66796875	95.2347640991
3082.08081055	95.0477371216
3083.49389648	96.43334198
3084.90698242	99.4380264282
3086.31982422	99.2512359619
3087.73291016	97.8482055664
3089.14575195	97.0451431274
3090.55883789	102.621932983
3091.97167969	87.426109314
3093.38476563	99.5444717407
3094.79760742	91.8643341064
3096.21069336	96.990776062
3097.62353516	92.8111724854
3099.03662109	95.9267578125
3100.44946289	96.5381622314
3101.86254883	99.2164611816
3103.27563477	96.8042678833
3104.68847656	88.4034957886
3106.1015625	92.9963150024
3107.5144043	92.9963226318
3108.92749023	94.3071212769
3110.34033203	96.9348144531
3111.75341797	94.0601348877
3113.16625977	94.1684341431
3114.5793457	96.3649749756
3115.9921875	96.9963150024
3117.40527344	100.542762756
3118.81835938	92.1205215454
3120.23120117	100.711105347
3121.64428711	97.0255661011
3123.05712891	92.9963150024
3124.47021484	91.7534103394
3125.88305664	96.2385253906
3127.29614258	100.743743896
3128.70898438	102.929824829
3130.12207031	105.676635742
3131.53491211	95.5807418823
3132.94799805	93.2647857666
3134.36083984	97.5104904175
3135.77392578	96.0861053467
3137.18701172	100.553596497
3138.59985352	100.131919861
3140.01293945	94.049407959
3141.42578125	104.637832642
3142.83886719	102.738044739
3144.25170898	106.515899658
3145.66479492	98.0855102539
3147.07763672	99.9319610596
3148.49072266	96.4735031128
3149.90356445	102.705329895
3151.31665039	92.6582107544
3152.72949219	96.9586715698
3154.14257813	98.5691223145
3155.55566406	97.0353317261
3156.96850586	98.8657073975
3158.3815918	102.771652222
3159.79443359	91.9933547974
3161.20751953	102.105514526
3162.62036133	96.1995010376
3164.03344727	98.7449493408
3165.44628906	98.5238037109
3166.859375	98.9683609009
3168.2722168	103.676368713
3169.68530273	96.7856826782
3171.09814453	102.86290741
3172.51123047	97.1400604248
3173.92431641	97.9963150024
3175.3371582	98.7371063232
3176.75024414	101.448478699
3178.16308594	104.222923279
3179.57617188	101.481994629
3180.98901367	102.486671448
3182.40209961	99.2771606445
3183.81494141	101.769592285
3185.22802734	99.5530700684
3186.64086914	104.161102295
3188.05395508	99.4340209961
3189.46704102	100.427124023
3190.87988281	103.705604553
3192.29296875	98.736038208
3193.70581055	97.7743682861
3195.11889648	96.0297164917
3196.53173828	96.1411132813
3197.94482422	98.7398223877
3199.35766602	99.6414489746
3200.77075195	95.3534393311
3202.18359375	102.44670105
3203.59667969	101.996315002
3205.00952148	101.229377747
3206.42260742	101.924598694
3207.83569336	103.996322632
3209.24853516	103.516784668
3210.66162109	100.468650818
3212.07446289	98.9963226318
3213.48754883	100.035705566
3214.90039063	102.914833069
3216.31347656	108.553977966
3217.72631836	99.481010437
3219.1394043	105.044845581
3220.55224609	104.997970581
3221.96533203	110.311203003
3223.37817383	105.375679016
3224.79125977	104.59614563
3226.2043457	106.038360596
3227.6171875	120.342338562
3229.03027344	119.949714661
3230.44311523	128.746582031
3231.85620117	125.599334717
3233.26904297	131.045135498
3234.68212891	130.691009521
3236.0949707	140.587158203
3237.50805664	148.327056885
3238.92089844	163.376983643
3240.33398438	180.171279907
3241.74707031	213.483703613
3243.15991211	238.464599609
3244.57299805	246.018432617
3245.98583984	257.261352539
3247.39892578	263.545196533
3248.81176758	239.963592529
3250.22485352	225.132858276
3251.63769531	200.369659424
3253.05078125	183.614044189
3254.46362305	167.04888916
3255.87670898	141.152908325
3257.28955078	129.699310303
3258.70263672	128.996322632
3260.11572266	122.000701904
3261.52856445	116.996315002
3262.94165039	111.138969421
3264.35449219	100.405937195
3265.76757813	109.905220032
3267.18041992	107.250183105
3268.59350586	102.763824463
3270.00634766	106.494392395
3271.41943359	106.44153595
3272.83227539	102.347770691
3274.24536133	102.717956543
3275.65820313	100.028205872
3277.07128906	97.7576522827
3278.484375	96.7414474487
3279.8972168	98.6366729736
3281.31030273	100.078613281
3282.72314453	106.480140686
3284.13623047	100.540351868
3285.54907227	105.188682556
3286.9621582	99.2019882202
3288.375	104.071495056
3289.78808594	96.0752410889
3291.20092773	100.57245636
3292.61401367	101.68825531
3294.02685547	102.324653625
3295.43994141	101.996315002
3296.85302734	108.703987122
3298.26586914	102.832771301
3299.67895508	99.9600143433
3301.09179688	99.8878097534
3302.50488281	104.127212524
3303.91772461	100.996315002
3305.33081055	100.246788025
3306.74365234	105.294158936
3308.15673828	97.9925079346
3309.56958008	94.8863983154
3310.98266602	93.9963150024
3312.39575195	96.9459228516
3313.80859375	103.221199036
3315.22167969	108.485290527
3316.63452148	102.605300903
3318.04760742	101.959793091
3319.46044922	100.075195313
3320.87353516	106.949928284
3322.28637695	98.8468933105
3323.69946289	98.4508209229
3325.11230469	96.282623291
3326.52539063	100.118637085
3327.93823242	98.2450027466
3329.35131836	95.3791122437
3330.7644043	101.996315002
3332.17724609	99.3737564087
3333.59033203	97.3009490967
3335.00317383	101.632881165
3336.41625977	100.555358887
3337.82910156	97.351234436
3339.2421875	99.1123809814
3340.6550293	104.686317444
3342.06811523	105.302436829
3343.48095703	103.012313843
3344.89404297	105.140563965
3346.30688477	99.4083557129
3347.7199707	103.201385498
3349.13305664	105.041259766
3350.54589844	100.715675354
3351.95898438	96.6800994873
3353.37182617	103.896057129
3354.78491211	101.582641602
3356.19775391	100.582458496
3357.61083984	96.6423721313
3359.02368164	105.954772949
3360.43676758	108.438705444
3361.84960938	107.421669006
3363.26269531	99.2811889648
3364.67553711	104.956893921
3366.08862305	105.193496704
3367.50170898	104.843727112
3368.91455078	97.0690460205
3370.32763672	101.726608276
3371.74047852	101.948379517
3373.15356445	101.918769836
3374.56640625	99.5652008057
3375.97949219	108.032081604
3377.39233398	95.4295654297
3378.80541992	105.998657227
3380.21826172	106.552757263
3381.63134766	106.057548523
3383.04443359	105.273361206
3384.45727539	103.299919128
3385.87036133	106.312759399
3387.28320313	102.530487061
3388.69628906	103.917457581
3390.10913086	99.1683502197
3391.5222168	101.911300659
3392.93505859	102.727729797
3394.34814453	100.256202698
3395.76098633	106.383293152
3397.17407227	104.403533936
3398.58691406	107.577644348
3400	99.4140625
