1200	642.75378418
1201.41296387	632.681762695
1202.82592773	629.026672363
1204.2388916	635.449584961
1205.65185547	623.02746582
1207.06481934	611.173950195
1208.4777832	594.364624023
1209.89086914	593.797973633
1211.30383301	588.023742676
1212.71679688	581.732055664
1214.12976074	564.368530273
1215.54272461	546.076965332
1216.95568848	583.448120117
1218.36865234	546.493591309
1219.78161621	517.622131348
1221.19458008	523.62512207
1222.60754395	515.693847656
1224.02050781	509.102416992
1225.43347168	509.088806152
1226.84655762	497.859802246
1228.25952148	485.388641357
1229.67248535	476.669006348
1231.08544922	479.224517822
1232.49841309	471.847564697
1233.91137695	461.705993652
1235.32434082	457.465820313
1236.73730469	463.522399902
1238.15026855	472.239562988
1239.56323242	458.331176758
1240.97619629	445.755706787
1242.38916016	446.997619629
1243.80212402	441.849700928
1245.21520996	435.527862549
1246.62817383	433.448913574
1248.0411377	433.153533936
1249.45410156	428.2784729
1250.86706543	422.57635498
1252.2800293	442.706420898
1253.69299316	425.107940674
1255.10595703	414.65612793
1256.5189209	408.738372803
1257.93188477	397.450958252
1259.34484863	387.201721191
1260.7578125	391
1262.17089844	390.333374023
1263.5838623	377.725738525
1264.99682617	367.332733154
1266.40979004	366.351501465
1267.82275391	354.292297363
1269.23571777	346.147033691
1270.64868164	354.091247559
1272.06164551	361.022460938
1273.47460938	342.344207764
1274.88757324	367.252441406
1276.30053711	385.320678711
1277.71350098	370.961395264
1279.12646484	358.205474854
1280.53955078	356.58605957
1281.95251465	365.103271484
1283.36547852	373.283172607
1284.77844238	356.561401367
1286.19140625	356.022583008
1287.60437012	357.683898926
1289.01733398	353.396179199
1290.43029785	363.610626221
1291.84326172	366.343811035
1293.25622559	374.947937012
1294.66918945	393.808898926
1296.08215332	375.006164551
1297.49523926	397.539520264
1298.90820313	401.121185303
1300.32116699	385.251708984
1301.73413086	377.204864502
1303.14709473	385.127807617
1304.56005859	391.057281494
1305.97302246	386.053894043
1307.38598633	381.565551758
1308.7989502	366.45501709
1310.21191406	384.415588379
1311.62487793	362.700561523
1313.0378418	343.990142822
1314.45092773	340.264648438
1315.8638916	347.820648193
1317.27685547	350.254547119
1318.68981934	337.295776367
1320.1027832	325.15246582
1321.51574707	326.575653076
1322.92871094	327.804382324
1324.3416748	307.982208252
1325.75463867	299.128051758
1327.16760254	301.862243652
1328.58056641	299.512390137
1329.99353027	296.296295166
1331.40649414	310.115447998
1332.81958008	295.070861816
1334.23254395	305.1300354
1335.64550781	294.374145508
1337.05847168	299.493377686
1338.47143555	309.688568115
1339.88439941	318.470733643
1341.29736328	318.043945313
1342.71032715	304.710632324
1344.12329102	290.929473877
1345.53625488	285.621917725
1346.94921875	284.188323975
1348.36218262	292.162017822
1349.77526855	292.65032959
1351.18823242	281.571411133
1352.60119629	267.045654297
1354.01416016	266.162414551
1355.42712402	285.66619873
1356.84008789	300.727905273
1358.25305176	301.956359863
1359.66601563	305.091400146
1361.07897949	303.387542725
1362.49194336	301.356842041
1363.90490723	304.934692383
1365.31787109	312.868713379
1366.73083496	316.990142822
1368.1439209	313.70489502
1369.55688477	318.027191162
1370.96984863	332.221466064
1372.3828125	334.679229736
1373.79577637	335.446014404
1375.20874023	342.614379883
1376.6217041	340.264099121
1378.03466797	337.138122559
1379.44763184	347.201721191
1380.8605957	360.859344482
1382.27355957	369.462219238
1383.68652344	361.122650146
1385.09960938	395.185791016
1386.51257324	406.065765381
1387.92553711	407.236785889
1389.33850098	412.342712402
1390.75146484	412.26260376
1392.16442871	411.076568604
1393.57739258	428.933166504
1394.99035645	431.612335205
1396.40332031	473.774475098
1397.81628418	451.52520752
1399.22924805	445.531707764
1400.64221191	448.508789063
1402.05517578	428.630737305
1403.46826172	428.182281494
1404.88122559	442.822631836
1406.29418945	409.323913574
1407.70715332	412.814819336
1409.12011719	388.756347656
1410.53308105	403.556274414
1411.94604492	396.63848877
1413.35900879	400.741455078
1414.77197266	392.178009033
1416.18493652	384.81149292
1417.59790039	386.597320557
1419.01086426	379.952697754
1420.4239502	371.30569458
1421.83691406	349.626403809
1423.24987793	352.648986816
1424.6628418	359.804168701
1426.07580566	344.518127441
1427.48876953	342.384307861
1428.9017334	341.905914307
1430.31469727	332.009246826
1431.72766113	323.122375488
1433.140625	317.403137207
1434.55358887	299.422973633
1435.96655273	295.84362793
1437.3795166	290.594726563
1438.79260254	270.597198486
1440.20556641	263.228942871
1441.61853027	253.612640381
1443.03149414	240.25668335
1444.44445801	235.174728394
1445.85742188	235.367095947
1447.27038574	225.123779297
1448.68334961	243.596420288
1450.09631348	226.945251465
1451.50927734	238.14201355
1452.92224121	245.737838745
1454.33520508	237.098312378
1455.74829102	225.764785767
1457.16125488	234.97807312
1458.57421875	249.050186157
1459.98718262	229.305236816
1461.40014648	236.026916504
1462.81311035	241.412719727
1464.22607422	260.628234863
1465.63903809	313.396606445
1467.05200195	396.893737793
1468.46496582	518.174987793
1469.87792969	659.983154297
1471.29089355	818.241455078
1472.70385742	989.337219238
1474.11694336	1138.69921875
1475.52990723	1279.60571289
1476.94287109	1370.41967773
1478.35583496	1386.11486816
1479.76879883	1411.9107666
1481.1817627	1366.7166748
1482.59472656	1323.0715332
1484.00769043	1313.50183105
1485.4206543	1323.85913086
1486.83361816	1338.1036377
1488.24658203	1346.79663086
1489.6595459	1389.62365723
1491.07263184	1401.88330078
1492.4855957	1498.3380127
1493.89855957	1536.5559082
1495.31152344	1589.29321289
1496.7244873	1670.45214844
1498.13745117	1782.07202148
1499.55041504	1942.20947266
1500.96337891	2140.73681641
1502.37634277	2337.88427734
1503.78930664	2611.10961914
1505.20227051	2771.32080078
1506.61523438	2989.05859375
1508.02832031	3142.5690918
1509.44128418	3287.49780273
1510.85424805	3471.81518555
1512.26721191	3651.21264648
1513.68017578	3780.53515625
1515.09313965	3862.35742188
1516.50610352	3919.35864258
1517.91906738	3971.28027344
1519.33203125	3877.31420898
1520.74499512	3862.29003906
1522.15795898	3856.14648438
1523.57092285	3828.82983398
1524.98388672	3767.70800781
1526.39697266	3671.77270508
1527.80993652	3566.20141602
1529.22290039	3462.90405273
1530.63586426	3376.39135742
1532.04882813	3371.05078125
1533.46179199	3339.97460938
1534.87475586	3350.28149414
1536.28771973	3274.8815918
1537.70068359	3237.43774414
1539.11364746	3234.8449707
1540.52661133	3221.37084961
1541.9395752	3150.08129883
1543.35266113	3055.69897461
1544.765625	2955.08813477
1546.17858887	2786.01123047
1547.59155273	2633.50512695
1549.0045166	2329.43969727
1550.41748047	2261.96508789
1551.83044434	2124.20483398
1553.2434082	1992.55444336
1554.65637207	1951.50427246
1556.06933594	1865.90661621
1557.4822998	1787.13708496
1558.89526367	1746.3092041
1560.30822754	1674.67004395
1561.72131348	1650.12402344
1563.13427734	1625.0715332
1564.54724121	1532.77807617
1565.96020508	1537.79052734
1567.37316895	1573.83959961
1568.78613281	1591.83435059
1570.19909668	1652.79187012
1571.61206055	1701.73693848
1573.02502441	1737.62475586
1574.43798828	1786.93920898
1575.85095215	1848.36096191
1577.26391602	1942.36621094
1578.67700195	2046.48962402
1580.08996582	2135.30957031
1581.50292969	2288.66674805
1582.91589355	2436.89990234
1584.32885742	2453.6328125
1585.74182129	2323.73022461
1587.15478516	2079.22753906
1588.56774902	1805.57568359
1589.98071289	1589.40930176
1591.39367676	1438.78637695
1592.80664063	1315.7947998
1594.21960449	1284.03564453
1595.63256836	1241.32861328
1597.0456543	1215.24133301
1598.45861816	1202.9864502
1599.87158203	1247.29077148
1601.2845459	1292.64453125
1602.69750977	1341.51147461
1604.11047363	1369.03662109
1605.5234375	1377.3347168
1606.93640137	1366.08874512
1608.34936523	1314.15063477
1609.7623291	1280.03588867
1611.17529297	1235.29443359
1612.58825684	1211.87414551
1614.00134277	1246.71484375
1615.41430664	1243.19677734
1616.82727051	1274.96789551
1618.24023438	1331.91589355
1619.65319824	1359.93908691
1621.06616211	1343.55639648
1622.47912598	1299.63818359
1623.89208984	1248.6484375
1625.30505371	1207.00476074
1626.71801758	1160.42956543
1628.13098145	1067.40209961
1629.54394531	1015.79797363
1630.95690918	988.538391113
1632.36999512	914.050415039
1633.78295898	874.934692383
1635.19592285	844.120788574
1636.60888672	820.698059082
1638.02185059	804.394714355
1639.43481445	793.14465332
1640.84777832	787.763122559
1642.26074219	779.15222168
1643.67370605	787.728942871
1645.08666992	803.991088867
1646.49963379	769.668029785
1647.91259766	787.442993164
1649.32568359	794.036315918
1650.73864746	814.567810059
1652.15161133	815.977355957
1653.5645752	803.052246094
1654.97753906	782.168701172
1656.39050293	738.424926758
1657.8034668	679.369262695
1659.21643066	649.326293945
1660.62939453	650.700744629
1662.0423584	642.631408691
1663.45532227	654.588989258
1664.86828613	697.640869141
1666.28125	700.264831543
1667.69433594	743.553039551
1669.1072998	789.164672852
1670.52026367	851.633483887
1671.93322754	909.97644043
1673.34619141	967.801940918
1674.75915527	1047.7800293
1676.17211914	1121.46154785
1677.58508301	1168.55737305
1678.99804688	1256.04418945
1680.41101074	1365.54748535
1681.82397461	1486.30517578
1683.23693848	1595.06567383
1684.65002441	1773.50952148
1686.06298828	1896.04821777
1687.47595215	1979.83251953
1688.88891602	1990.59472656
1690.30187988	1957.38708496
1691.71484375	1916.24853516
1693.12780762	1855.75146484
1694.54077148	1778.234375
1695.95373535	1698.83959961
1697.36669922	1647.23400879
1698.77966309	1715.87548828
1700.19262695	1818.41540527
1701.60571289	1884.7052002
1703.01867676	1978.04272461
1704.43164063	2048.7800293
1705.84460449	2088.72167969
1707.25756836	2170.8347168
1708.67053223	2214.90185547
1710.08349609	2204.2199707
1711.49645996	2201.01416016
1712.90942383	2180.06567383
1714.3223877	2170.06005859
1715.73535156	2171.9453125
1717.14831543	2044.90686035
1718.5612793	1921.77526855
1719.97436523	1817.98071289
1721.3873291	1735.6348877
1722.80029297	1665.28320313
1724.21325684	1610.72216797
1725.6262207	1570.6138916
1727.03918457	1494.11987305
1728.45214844	1416.26977539
1729.8651123	1383.32556152
1731.27807617	1348.21105957
1732.69104004	1294.0657959
1734.10400391	1280.74182129
1735.51696777	1233.02380371
1736.93005371	1201.46594238
1738.34301758	1166.20385742
1739.75598145	1139.5345459
1741.16894531	1152.16503906
1742.58190918	1111.46850586
1743.99487305	1101.99951172
1745.40783691	1083.08898926
1746.82080078	1069.13171387
1748.23376465	1057.67236328
1749.64672852	1039.44482422
1751.05969238	1028.02026367
1752.47265625	997.531311035
1753.88562012	1006.69299316
1755.29870605	989.651733398
1756.71166992	1008.24310303
1758.12463379	973.829040527
1759.53759766	950.165466309
1760.95056152	921.830078125
1762.36352539	963.954711914
1763.77648926	954.423950195
1765.18945313	939.654968262
1766.60241699	921.975402832
1768.01538086	922.621765137
1769.42834473	935.933532715
1770.84130859	918.356750488
1772.25439453	892.942199707
1773.6673584	872.852294922
1775.08032227	876.380004883
1776.49328613	873.833679199
1777.90625	858.917236328
1779.31921387	883.303466797
1780.73217773	907.965698242
1782.1451416	888.605834961
1783.55810547	866.758850098
1784.97106934	874.187744141
1786.3840332	873.493225098
1787.79699707	868.126647949
1789.20996094	868.16595459
1790.62304688	862.799682617
1792.03601074	861.623718262
1793.44897461	867.761047363
1794.86193848	844.476989746
1796.27490234	853.453369141
1797.68786621	870.63269043
1799.10083008	853.810852051
1800.51379395	842.528076172
1801.92675781	852.261291504
1803.33972168	845.744262695
1804.75268555	872.813903809
1806.16564941	866.293518066
1807.57873535	846.776245117
1808.99169922	840.151611328
1810.40466309	847.258911133
1811.81762695	842.848999023
1813.23059082	821.47644043
1814.64355469	814.312744141
1816.05651855	826.929931641
1817.46948242	856.030700684
1818.88244629	835.951965332
1820.29541016	825.103881836
1821.70837402	799.801940918
1823.12133789	829.540405273
1824.53430176	803.848754883
1825.9473877	780.873291016
1827.36035156	802.730102539
1828.77331543	799.779846191
1830.1862793	788.567321777
1831.59924316	798.212280273
1833.01220703	792.284301758
1834.4251709	784.255126953
1835.83813477	801.81451416
1837.25109863	809.498840332
1838.6640625	818.688110352
1840.07702637	829.984375
1841.48999023	814.44354248
1842.90307617	839.969177246
1844.31604004	822.096496582
1845.72900391	807.045715332
1847.14196777	805.124450684
1848.55493164	810.71673584
1849.96789551	827.605957031
1851.38085938	829.122192383
1852.79382324	804.826782227
1854.20678711	803.974243164
1855.61975098	814.702514648
1857.03271484	802.86151123
1858.44567871	806.743103027
1859.85864258	832.965148926
1861.27172852	817.25579834
1862.68469238	788.58215332
1864.09765625	782.778015137
1865.51062012	795.310058594
1866.92358398	812.27166748
1868.33654785	806.858032227
1869.74951172	763.459594727
1871.16247559	755.658813477
1872.57543945	775.528076172
1873.98840332	785.829589844
1875.40136719	765.266296387
1876.81433105	757.278442383
1878.22741699	774.682128906
1879.64038086	782.288146973
1881.05334473	775.128173828
1882.46630859	761.489013672
1883.87927246	759.154785156
1885.29223633	772.281616211
1886.7052002	767.943359375
1888.11816406	760.118469238
1889.53112793	748.611877441
1890.9440918	752.526733398
1892.35705566	758.048278809
1893.77001953	733.727478027
1895.1829834	750.762573242
1896.59606934	726.783752441
1898.0090332	723.672973633
1899.42199707	713.309265137
1900.83496094	697.301086426
1902.2479248	689.183776855
1903.66088867	699.003662109
1905.07385254	684.369934082
1906.48681641	681.991088867
1907.89978027	689.516906738
1909.31274414	673.989562988
1910.72570801	666.286437988
1912.13867188	669.021484375
1913.55175781	643.519104004
1914.96472168	625.496154785
1916.37768555	611.00793457
1917.79064941	613.184326172
1919.20361328	612.80480957
1920.61657715	585.79699707
1922.02954102	570.240661621
1923.44250488	545.921936035
1924.85546875	520.701660156
1926.26843262	524.296325684
1927.68139648	489.953338623
1929.09436035	474.348205566
1930.50744629	456.340270996
1931.92041016	420.241638184
1933.33337402	377.531951904
1934.74633789	335.943572998
1936.15930176	305.258666992
1937.57226563	271.150939941
1938.98522949	235.326675415
1940.39819336	218.995498657
1941.81115723	192.041183472
1943.22412109	170.031188965
1944.63708496	144.569824219
1946.05004883	139.361297607
1947.4630127	136.675384521
1948.87609863	125.411056519
1950.2890625	119.104957581
1951.70202637	117.700843811
1953.11499023	123.841148376
1954.5279541	118.71446228
1955.94091797	116.021492004
1957.35388184	115.61328125
1958.7668457	109.550758362
1960.17980957	107
1961.59277344	110.056480408
1963.0057373	108.043365479
1964.41870117	107.599975586
1965.83178711	105.251419067
1967.24475098	102.40965271
1968.65771484	103.458473206
1970.07067871	101.356155396
1971.48364258	100.168952942
1972.89660645	93.7477340698
1974.30957031	102.331176758
1975.72253418	102.544586182
1977.13549805	98.1261749268
1978.54846191	106.349731445
1979.96142578	102.958480835
1981.37438965	101.632751465
1982.78735352	106.688545227
1984.20043945	107.899612427
1985.61340332	105.100059509
1987.02636719	97.6110153198
1988.43933105	96.47265625
1989.85229492	99.8066253662
1991.26525879	96.8893814087
1992.67822266	103.75604248
1994.09118652	105.607833862
1995.50415039	104.732048035
1996.91711426	98.8828277588
1998.33007813	96.6029281616
1999.74304199	99.0946350098
2001.15612793	98.1864471436
2002.5690918	98.2843017578
2003.98205566	95.7488937378
2005.39501953	99.0719985962
2006.8079834	97.0110626221
2008.22094727	96.2547302246
2009.63391113	100.471679688
2011.046875	95.3140869141
2012.45983887	105.411872864
2013.87280273	97.5833816528
2015.2857666	96.6222991943
2016.69873047	98.8831634521
2018.11169434	94.4384460449
2019.52478027	106.755058289
2020.93774414	94.4285202026
2022.35070801	87.1492385864
2023.76367188	88.2710647583
2025.17663574	90.436706543
2026.58959961	93.7213821411
2028.00256348	93.4656448364
2029.41552734	88.0085830688
2030.82849121	93.2878646851
2032.24145508	99.61328125
2033.65441895	97.6449203491
2035.06738281	93.7917938232
2036.48046875	90.5199813843
2037.89343262	93.0470199585
2039.30639648	93.8799667358
2040.71936035	83.3086776733
2042.13232422	85.7986526489
2043.54528809	90.4683990479
2044.95825195	89.5215072632
2046.37121582	87.6767501831
2047.78417969	87.8212356567
2049.19726563	87.0816802979
2050.61010742	91.7287368774
2052.02319336	93.7141265869
2053.43603516	97.9490127563
2054.84912109	92.2827606201
2056.26196289	98.9931869507
2057.67504883	97.3019866943
2059.08789063	87.6446685791
2060.50097656	92.5258560181
2061.91381836	95.2615890503
2063.3269043	87.6687011719
2064.73999023	89.7299423218
2066.15283203	93.6597518921
2067.56591797	90.0742645264
2068.97875977	86.0054397583
2070.3918457	92.9313049316
2071.8046875	98.61328125
2073.21777344	93.6351776123
2074.63061523	88.5143127441
2076.04370117	86.1870880127
2077.45654297	84
2078.86962891	87.3509979248
2080.28271484	92.2556838989
2081.69555664	92.3920898438
2083.10864258	91.0482711792
2084.52148438	84.6903076172
2085.93457031	86.8464889526
2087.34741211	87.61328125
2088.76049805	86.8249206543
2090.17333984	84.5474777222
2091.58642578	93.005607605
2092.99926758	85.2907028198
2094.41235352	88.5627059937
2095.82519531	87.4672775269
2097.23828125	80.6741714478
2098.65136719	91.1959686279
2100.06420898	85.083480835
2101.47729492	89.4815063477
2102.89013672	84.7501831055
2104.30322266	92.9812164307
2105.71606445	90.0229949951
2107.12915039	93.7360229492
2108.54199219	89.6717834473
2109.95507813	88
2111.36791992	87.2947692871
2112.78100586	89.7102966309
2114.19384766	79.3004684448
2115.60693359	83.3431243896
2117.02001953	84.8444061279
2118.43286133	82.9726867676
2119.84594727	79.6590194702
2121.25878906	82.5065460205
2122.671875	87.3345718384
2124.0847168	85.3580474854
2125.49780273	82.5985946655
2126.91064453	82.8745880127
2128.32373047	88.9237823486
2129.73657227	89.344909668
2131.1496582	84.4080657959
2132.5625	84
2133.97558594	84.458152771
2135.38867188	85.0952682495
2136.80151367	83.9382476807
2138.21459961	84.0767364502
2139.62744141	82.2859268188
2141.04052734	88.8686141968
2142.45336914	86.2353591919
2143.86645508	92.301109314
2145.27929688	78.8193130493
2146.69238281	77.8410873413
2148.10522461	89.2689971924
2149.51831055	81.6527328491
2150.93139648	83.6083221436
2152.34423828	80.0919647217
2153.75732422	75.2422637939
2155.17016602	90.8092880249
2156.58325195	83.4827880859
2157.99609375	86.1532516479
2159.40917969	86.9469451904
2160.82202148	83.6335296631
2162.23510742	78.5833892822
2163.64794922	82.7111358643
2165.06103516	83.6993484497
2166.47387695	85.8821029663
2167.88696289	88.0851211548
2169.30004883	76.7319259644
2170.71289063	85.8830795288
2172.12597656	84.9976577759
2173.53881836	82.9212265015
2174.9519043	84.2475967407
2176.36474609	83.621925354
2177.77783203	80.986907959
2179.19067383	81.3387756348
2180.60375977	83.3841629028
2182.01660156	82.1815261841
2183.4296875	83.7216110229
2184.8425293	84.6157836914
2186.25561523	84.2418136597
2187.66870117	88.3122940063
2189.08154297	88.6065979004
2190.49462891	86.2042999268
2191.9074707	84.9578704834
2193.32055664	83.1717910767
2194.73339844	85.7465057373
2196.14648438	84.8650970459
2197.55932617	82.6939086914
2198.97241211	85.8756637573
2200.38525391	83.4789123535
2201.79833984	77.7490997314
2203.21142578	77.3489456177
2204.62426758	82
2206.03735352	81.2815628052
2207.45019531	78.6895675659
2208.86328125	78.0285186768
2210.27612305	79.3030929565
2211.68920898	79.2352218628
2213.10205078	84.8383636475
2214.51513672	84.2936706543
2215.92797852	84.4223403931
2217.34106445	75.0545043945
2218.75390625	83
2220.16699219	82.9659729004
2221.58007813	82.4646530151
2222.99291992	80.9396591187
2224.40600586	86
2225.81884766	85.8031539917
2227.23193359	80.059425354
2228.64477539	83.0204086304
2230.05786133	85.9790039063
2231.47070313	80.1182403564
2232.88378906	81.5615921021
2234.29663086	86.7610244751
2235.7097168	79.4599456787
2237.12255859	76.7792739868
2238.53564453	76.9685897827
2239.94873047	85.7219543457
2241.36157227	87.854019165
2242.7746582	83.5828704834
2244.1875	84.7445678711
2245.60058594	82.0825653076
2247.01342773	84.4946212769
2248.42651367	80.7993011475
2249.83935547	82.1658782959
2251.25244141	85.3850860596
2252.6652832	80.3418502808
2254.07836914	77.8927688599
2255.49121094	76.3407287598
2256.90429688	79.1167221069
2258.31738281	81.5396499634
2259.73022461	83.5213546753
2261.14331055	80.2421722412
2262.55615234	79.4549407959
2263.96923828	85.0267562866
2265.38208008	81.9292755127
2266.79516602	87.722076416
2268.20800781	86.564704895
2269.62109375	86.6145935059
2271.03393555	81.035697937
2272.44702148	88.4132080078
2273.86010742	91.9497833252
2275.27294922	85.4447631836
2276.68603516	90.5695724487
2278.09887695	90.4473190308
2279.51196289	88.6671524048
2280.92480469	84.8044204712
2282.33789063	83.3332366943
2283.75073242	90.1935424805
2285.16381836	95.6487426758
2286.57666016	91.6636886597
2287.98974609	91.5383300781
2289.40258789	91.3746948242
2290.81567383	93.345916748
2292.22875977	90.5163803101
2293.64160156	89.7705230713
2295.0546875	91.171043396
2296.4675293	91.1715011597
2297.88061523	93.4624176025
2299.29345703	94.2968292236
2300.70654297	94.245475769
2302.11938477	93.5436096191
2303.5324707	97.5321578979
2304.9453125	97.5653991699
2306.35839844	90.4717636108
2307.77124023	93.0820922852
2309.18432617	95.1414337158
2310.59741211	94.6216506958
2312.01025391	93.4971694946
2313.42333984	96.8820571899
2314.83618164	95.9999542236
2316.24926758	95.6161193848
2317.66210938	95.5578384399
2319.07519531	95.0106658936
2320.48803711	98.0340881348
2321.90112305	96.4639053345
2323.31396484	96.1829299927
2324.72705078	100.824401855
2326.13989258	104.593315125
2327.55297852	111.965858459
2328.96606445	132.420196533
2330.37890625	136.337142944
2331.79199219	118.671646118
2333.20483398	103.494636536
2334.61791992	86.8100128174
2336.03076172	87.9460525513
2337.44384766	94.2375106812
2338.85668945	89.2906112671
2340.26977539	87.8096160889
2341.68261719	91.3715362549
2343.09570313	89.141456604
2344.50878906	83.773727417
2345.92163086	88.0424575806
2347.3347168	89.815032959
2348.74755859	90.5628509521
2350.16064453	93.5993041992
2351.57348633	90.4180755615
2352.98657227	92.7619476318
2354.39941406	93.8168106079
2355.8125	90.4216308594
2357.2253418	90.9480209351
2358.63842773	92.5856170654
2360.05126953	93.0672988892
2361.46435547	92.3020477295
2362.87744141	90.4089355469
2364.2902832	87.8115615845
2365.70336914	88.556388855
2367.11621094	91.9250946045
2368.52929688	91.0200576782
2369.94213867	89.7626037598
2371.35522461	88.7489318848
2372.76806641	94.4021987915
2374.18115234	94.0377349854
2375.59399414	93.2693252563
2377.00708008	100.632141113
2378.41992188	96.3320541382
2379.83300781	93.4849853516
2381.24609375	100.954223633
2382.65893555	101.703018188
2384.07202148	99.2269668579
2385.48486328	100.241462708
2386.89794922	102.705184937
2388.31079102	97.5848464966
2389.72387695	97.7730865479
2391.13671875	100.035140991
2392.54980469	95.4455947876
2393.96264648	100.647331238
2395.37573242	102.090637207
2396.78857422	101.284194946
2398.20166016	102.911331177
2399.61474609	102.242637634
2401.02758789	103.887496948
2402.44067383	97.7761154175
2403.85351563	99.4286880493
2405.26660156	106.211982727
2406.67944336	101.751937866
2408.0925293	100.949241638
2409.50537109	102.906806946
2410.91845703	103.603622437
2412.33129883	99.9563064575
2413.74438477	102.423530579
2415.1574707	103.171096802
2416.5703125	99.9986877441
2417.98339844	100.695228577
2419.39624023	98.1751708984
2420.80932617	101.61756134
2422.22216797	102.279563904
2423.63525391	98.2522201538
2425.0480957	106.47039032
2426.46118164	106.171104431
2427.87402344	101.577697754
2429.28710938	105.09765625
2430.69995117	105.545768738
2432.11303711	105.481620789
2433.52612305	107.674354553
2434.93896484	107.870697021
2436.35205078	109.303207397
2437.76489258	114.405525208
2439.17797852	121.292549133
2440.59082031	120.026390076
2442.00390625	132.553970337
2443.41674805	132.917007446
2444.82983398	137.620620728
2446.24267578	140.606048584
2447.65576172	148.337585449
2449.06860352	157.363586426
2450.48168945	159.131820679
2451.89477539	162.415008545
2453.30761719	171.831314087
2454.72070313	174.543701172
2456.13354492	166.989852905
2457.54663086	164.773284912
2458.95947266	166.819625854
2460.37255859	156.213546753
2461.78540039	153.254470825
2463.19848633	147.440307617
2464.61132813	146.702484131
2466.02441406	149.544708252
2467.4375	143.747543335
2468.8503418	140.601699829
2470.26342773	139.20741272
2471.67626953	130.671478271
2473.08935547	135.292495728
2474.50219727	132.110656738
2475.9152832	128.747268677
2477.328125	129.370300293
2478.74121094	134.923538208
2480.15405273	130.032012939
2481.56713867	126.313949585
2482.97998047	124.961746216
2484.39306641	123.956794739
2485.80615234	121.539642334
2487.21899414	120.014755249
2488.63208008	124.067947388
2490.04492188	121.158035278
2491.45800781	114.086051941
2492.87084961	118.246429443
2494.28393555	118.617988586
2495.69677734	120.244934082
2497.10986328	110.628417969
2498.52270508	108.402954102
2499.93579102	112.609809875
2501.34863281	110.188430786
2502.76171875	117.677474976
2504.17480469	113.461082458
2505.58764648	105.942611694
2507.00073242	112.814628601
2508.41357422	112.36341095
2509.82666016	110.933799744
2511.23950195	111.084976196
2512.65258789	106.385986328
2514.06542969	106.091041565
2515.47851563	100.535873413
2516.89135742	100.153251648
2518.30444336	102.1668396
2519.71728516	106.237937927
2521.13037109	101.806289673
2522.54345703	103.733078003
2523.95629883	102.394264221
2525.36938477	99.2199020386
2526.78222656	101.096221924
2528.1953125	99.7988433838
2529.6081543	104.038047791
2531.02124023	99.9436187744
2532.43408203	98.7213592529
2533.84716797	100.525917053
2535.26000977	100.056015015
2536.6730957	106.670127869
2538.08618164	107.86164856
2539.49902344	105.402153015
2540.91210938	99.4187240601
2542.32495117	100.891815186
2543.73803711	101.02507019
2545.15087891	104.467735291
2546.56396484	93.1383743286
2547.97680664	103.103523254
2549.38989258	99.621307373
2550.80273438	99.0139770508
2552.21582031	103.140518188
2553.62866211	100.12412262
2555.04174805	98.5425643921
2556.45483398	101.084732056
2557.86767578	102.810188293
2559.28076172	101.27104187
2560.69360352	101.351623535
2562.10668945	102.76159668
2563.51953125	105.539360046
2564.93261719	105.798988342
2566.34545898	101.016387939
2567.75854492	99.7531356812
2569.17138672	103.975387573
2570.58447266	100.682319641
2571.99731445	100.800170898
2573.41040039	104.805259705
2574.82348633	102.849594116
2576.23632813	101.992752075
2577.64941406	102.693649292
2579.06225586	100.725273132
2580.4753418	102.867881775
2581.88818359	106.539718628
2583.30126953	112.34614563
2584.71411133	104.376220703
2586.12719727	105.810752869
2587.54003906	111.331123352
2588.953125	108.838249207
2590.3659668	108.67199707
2591.77905273	106.576728821
2593.19213867	115.590515137
2594.60498047	111.68510437
2596.01806641	105.762557983
2597.4309082	114.445381165
2598.84399414	112.375144958
2600.25683594	108.804656982
2601.66992188	116.464942932
2603.08276367	118.940635681
2604.49584961	127.507019043
2605.90869141	122.654930115
2607.32177734	125.787078857
2608.73486328	128.534805298
2610.14770508	124.996124268
2611.56079102	123.084121704
2612.97363281	127.165306091
2614.38671875	134.645462036
2615.79956055	135.393066406
2617.21264648	133.479598999
2618.62548828	135.484329224
2620.03857422	142.72315979
2621.45141602	147.22883606
2622.86450195	149.922576904
2624.27734375	152.425674438
2625.69042969	158.251373291
2627.10351563	165.018753052
2628.51635742	168.580566406
2629.92944336	183.063079834
2631.34228516	190.071594238
2632.75537109	192.786956787
2634.16821289	205.786590576
2635.58129883	219.426895142
2636.99414063	221.266281128
2638.40722656	238.259674072
2639.82006836	251.260284424
2641.2331543	264.616210938
2642.64599609	289.785583496
2644.05908203	305.436126709
2645.47216797	333.113800049
2646.88500977	360.17489624
2648.2980957	397.335144043
2649.7109375	414.982849121
2651.12402344	467.079498291
2652.53686523	520.96105957
2653.94995117	574.02545166
2655.36279297	630.405212402
2656.77587891	693.290100098
2658.1887207	752.315490723
2659.60180664	851.395141602
2661.01489258	958.116394043
2662.42773438	1066.11242676
2663.84082031	1159.01696777
2665.25366211	1282.84240723
2666.66674805	1399.16174316
2668.07958984	1498.33605957
2669.49267578	1617.39941406
2670.90551758	1719.73730469
2672.31860352	1839.51391602
2673.73144531	1895.50463867
2675.14453125	1907.66882324
2676.55737305	1906.6685791
2677.97045898	1877.34960938
2679.38354492	1786.19641113
2680.79638672	1729.59655762
2682.20947266	1663.84082031
2683.62231445	1546.21252441
2685.03540039	1417.68786621
2686.44824219	1313.67138672
2687.86132813	1195.34875488
2689.27416992	1091.84753418
2690.68725586	974.138549805
2692.10009766	871.178405762
2693.51318359	784.949768066
2694.92602539	702.216186523
2696.33911133	629.297180176
2697.75219727	556.874816895
2699.16503906	491.545196533
2700.578125	444.822937012
2701.9909668	420.760803223
2703.40405273	381.608886719
2704.81689453	362.867645264
2706.22998047	327.963165283
2707.64282227	313.395996094
2709.0559082	292.153869629
2710.46875	268.421020508
2711.88183594	251.08416748
2713.29467773	242.093063354
2714.70776367	235.303237915
2716.12084961	214.0677948
2717.53369141	196.113571167
2718.94677734	197.1612854
2720.35961914	192.104141235
2721.77270508	187.288146973
2723.18554688	187.629516602
2724.59863281	184.36781311
2726.01147461	179.991867065
2727.42456055	171.766815186
2728.83740234	152.449249268
2730.25048828	150.208938599
2731.66357422	148.51751709
2733.07641602	158.437194824
2734.48950195	151.379898071
2735.90234375	151.186187744
2737.31542969	149.898010254
2738.72827148	145.110122681
2740.14135742	136.997024536
2741.55419922	133.140014648
2742.96728516	132.20425415
2744.38012695	133.052429199
2745.79321289	128.369812012
2747.20605469	131.68270874
2748.61914063	133.091003418
2750.03222656	126.947296143
2751.44506836	127.60723877
2752.8581543	124.669334412
2754.27099609	120.971298218
2755.68408203	122.468215942
2757.09692383	120.404960632
2758.51000977	112.859672546
2759.92285156	111.72077179
2761.3359375	118.474761963
2762.7487793	114.542495728
2764.16186523	105.616104126
2765.57470703	109.830696106
2766.98779297	106.170066833
2768.40087891	116.153297424
2769.8137207	112.72077179
2771.22680664	110.469223022
2772.63964844	111.833534241
2774.05273438	119.301582336
2775.46557617	111.303222656
2776.87866211	109.264282227
2778.29150391	111.473022461
2779.70458984	108.336700439
2781.11743164	107.214912415
2782.53051758	106.421989441
2783.94335938	107.494178772
2785.35644531	99.5626831055
2786.76953125	111.721565247
2788.18237305	96.5476989746
2789.59545898	112.176239014
2791.00830078	111.446662903
2792.42138672	109.232513428
2793.83422852	106.078575134
2795.24731445	105.831291199
2796.66015625	108.101219177
2798.07324219	99.575592041
2799.48608398	100.423248291
2800.89916992	103.308563232
2802.31225586	106.9451828
2803.72509766	106.060081482
2805.13818359	103.271286011
2806.55102539	95.2557525635
2807.96411133	96.1787490845
2809.37695313	106.680763245
2810.79003906	105.789344788
2812.20288086	106.064994812
2813.6159668	100.412414551
2815.02880859	97.5874786377
2816.44189453	100.244560242
2817.85473633	97.8608474731
2819.26782227	94.8844146729
2820.6809082	110.240112305
2822.09375	102.642158508
2823.50683594	99.0376281738
2824.91967773	101.884857178
2826.33276367	100.459152222
2827.74560547	93.5516052246
2829.15869141	93.916595459
2830.5715332	100.140159607
2831.98461914	103.010299683
2833.39746094	111.862831116
2834.81054688	106.25340271
2836.22338867	107.095878601
2837.63647461	100.412582397
2839.04956055	99.3751296997
2840.46240234	98.1857910156
2841.87548828	92.5219955444
2843.28833008	99.5467834473
2844.70141602	98.328666687
2846.11425781	95.4455871582
2847.52734375	100.400566101
2848.94018555	100.342323303
2850.35327148	96.8625793457
2851.76611328	102.68120575
2853.17919922	96.3463592529
2854.59228516	106.990379333
2856.00512695	93.2267074585
2857.41821289	94.8716964722
2858.83105469	96.5066375732
2860.24414063	96.6855010986
2861.65698242	101.522979736
2863.07006836	99.3752288818
2864.48291016	100.787788391
2865.89599609	103.477119446
2867.30883789	99.0924530029
2868.72192383	97.8847122192
2870.13476563	104.718643188
2871.54785156	95.1011047363
2872.9609375	94.1107406616
2874.3737793	97.8504562378
2875.78686523	97.2489776611
2877.19970703	102.039299011
2878.61279297	97.6374206543
2880.02563477	101.656311035
2881.4387207	101.873153687
2882.8515625	99.230506897
2884.26464844	104.168663025
2885.67749023	101.029846191
2887.09057617	98.361289978
2888.50341797	106.043571472
2889.91650391	101.783439636
2891.32958984	101.562805176
2892.74243164	100.760704041
2894.15551758	98.4358139038
2895.56835938	101.588439941
2896.98144531	103.214912415
2898.39428711	102.889526367
2899.80737305	101.661056519
2901.22021484	105.291656494
2902.63330078	98.6899108887
2904.04614258	101.312545776
2905.45922852	98.7397460938
2906.87207031	96.8445739746
2908.28515625	99.7725906372
2909.69824219	105.708457947
2911.11108398	100.252784729
2912.52416992	93.9711914063
2913.93701172	101.988601685
2915.35009766	103.21408844
2916.76293945	95.6224060059
2918.17602539	99.8954467773
2919.58886719	96.570930481
2921.00195313	101.670158386
2922.41479492	102.907951355
2923.82788086	96.3837661743
2925.2409668	95.403717041
2926.65380859	102.021492004
2928.06689453	93.6524200439
2929.47973633	105.738006592
2930.89282227	97.2752380371
2932.30566406	107.110839844
2933.71875	96.2623519897
2935.1315918	96.9552612305
2936.54467773	94.4067459106
2937.95751953	98.4462280273
2939.37060547	99.9918136597
2940.78344727	103.079910278
2942.1965332	102.406105042
2943.60961914	100.859298706
2945.02246094	98.1359100342
2946.43554688	99.6097717285
2947.84838867	102.002632141
2949.26147461	105.257743835
2950.67431641	102.396507263
2952.08740234	104.928077698
2953.50024414	96.4735412598
2954.91333008	104.531486511
2956.32617188	96.844329834
2957.73925781	101.040115356
2959.15209961	99.1948928833
2960.56518555	98.2485656738
2961.97827148	99.8135452271
2963.39111328	90.6856918335
2964.80419922	94.6162643433
2966.21704102	96.7966308594
2967.63012695	101.366592407
2969.04296875	103.685150146
2970.45605469	100.245292664
2971.86889648	96.2585525513
2973.28198242	98.8505477905
2974.69482422	101.292175293
2976.10791016	102.419204712
2977.52075195	94.0843429565
2978.93383789	92.4140548706
2980.34692383	95.2444381714
2981.75976563	93.41355896
2983.17285156	95.2833404541
2984.58569336	91.0251235962
2985.9987793	93.3039398193
2987.41162109	97.1637496948
2988.82470703	100.131607056
2990.23754883	97.4376678467
2991.65063477	96.1650238037
2993.06347656	94.3036727905
2994.4765625	96.4699325562
2995.88964844	97.014251709
2997.30249023	96.7918930054
2998.71557617	93.6027526855
3000.12841797	95.8372192383
3001.54150391	89.3604278564
3002.9543457	87.3172073364
3004.36743164	89.1874237061
3005.78027344	94.7652130127
3007.19335938	101.722442627
3008.60620117	98.4061813354
3010.01928711	97.6582717896
3011.43212891	101.614196777
3012.84521484	99.324836731
3014.25830078	100.888938904
3015.67114258	96.1355209351
3017.08422852	98.0918579102
3018.49707031	95.3857498169
3019.91015625	98.6501312256
3021.32299805	98.1013412476
3022.73608398	97.5582199097
3024.14892578	99.6895904541
3025.56201172	105.484382629
3026.97485352	100.873535156
3028.38793945	95.5281600952
3029.80078125	97.9465637207
3031.21386719	89.5715408325
3032.62695313	96.8860015869
3034.03979492	96.3600158691
3035.45288086	91.3304595947
3036.86572266	98.5654754639
3038.27880859	102.053138733
3039.69165039	100.293968201
3041.10473633	92.5904006958
3042.51757813	88.1786956787
3043.93066406	93.6029129028
3045.34350586	91.8009109497
3046.7565918	92.5166549683
3048.16967773	90.232635498
3049.58251953	93.337059021
3050.99560547	98.2624740601
3052.40844727	93.3882751465
3053.8215332	97.1580581665
3055.234375	95.0446777344
3056.64746094	95.1293334961
3058.06030273	104.148391724
3059.47338867	98.3663330078
3060.88623047	100.341117859
3062.29931641	93.1441116333
3063.7121582	99.4037017822
3065.12524414	102.636123657
3066.53833008	98.7304382324
3067.95117188	98.57472229
3069.36425781	98.1536178589
3070.77709961	96.8889770508
3072.19018555	98.9020309448
3073.60302734	98.7207717896
3075.01611328	95.3991012573
3076.42895508	97.0386962891
3077.84204102	101.944252014
3079.25488281	92.5281982422
3080.66796875	92.4666671753
3082.08081055	96.7207794189
3083.49389648	99.7099304199
3084.90698242	99.2371063232
3086.31982422	97.0972900391
3087.73291016	98.2149200439
3089.14575195	93.2431793213
3090.55883789	96.4029541016
3091.97167969	108.030715942
3093.38476563	101.489761353
3094.79760742	96.4872741699
3096.21069336	98.0670623779
3097.62353516	98.7875061035
3099.03662109	95.8772964478
3100.44946289	97.3963394165
3101.86254883	97.2149200439
3103.27563477	107.803375244
3104.68847656	102.125488281
3106.1015625	97.9521484375
3107.5144043	94.1504211426
3108.92749023	99.9937973022
3110.34033203	100.758171082
3111.75341797	97.2787322998
3113.16625977	99.075378418
3114.5793457	97.4985351563
3115.9921875	96.5016098022
3117.40527344	104.251785278
3118.81835938	90.8428344727
3120.23120117	104.441757202
3121.64428711	95.5993728638
3123.05712891	90.6019363403
3124.47021484	96.4113235474
3125.88305664	100.99823761
3127.29614258	94.205291748
3128.70898438	89.3497924805
3130.12207031	99.7218551636
3131.53491211	96.9864196777
3132.94799805	93.6981582642
3134.36083984	101.001289368
3135.77392578	94.3154602051
3137.18701172	94.9141311646
3138.59985352	96.9896240234
3140.01293945	99.7750244141
3141.42578125	95.8941574097
3142.83886719	98.8910369873
3144.25170898	97.0028457642
3145.66479492	99.0834350586
3147.07763672	94.3741989136
3148.49072266	95.9404678345
3149.90356445	103.281509399
3151.31665039	98.5530166626
3152.72949219	96.8844680786
3154.14257813	100.60559845
3155.55566406	99.3220367432
3156.96850586	100.945762634
3158.3815918	103.162643433
3159.79443359	100.919052124
3161.20751953	100.507080078
3162.62036133	96.9944534302
3164.03344727	99.2794265747
3165.44628906	94.1564865112
3166.859375	102.291069031
3168.2722168	103.997070313
3169.68530273	96.3374023438
3171.09814453	108.778236389
3172.51123047	95.3667449951
3173.92431641	101.91091156
3175.3371582	105.276062012
3176.75024414	101.109153748
3178.16308594	102.326026917
3179.57617188	103.571296692
3180.98901367	101.820358276
3182.40209961	108.280029297
3183.81494141	96.6116790771
3185.22802734	103.386955261
3186.64086914	103.786087036
3188.05395508	99.2928848267
3189.46704102	99.1440811157
3190.87988281	104.355148315
3192.29296875	103.218902588
3193.70581055	94.4712295532
3195.11889648	101.582115173
3196.53173828	95.4766464233
3197.94482422	105.084960938
3199.35766602	100.888305664
3200.77075195	101.276306152
3202.18359375	101.426208496
3203.59667969	100.430580139
3205.00952148	101.946014404
3206.42260742	99.4792633057
3207.83569336	105.779785156
3209.24853516	96.539894104
3210.66162109	99.201385498
3212.07446289	99.5184326172
3213.48754883	96.9974975586
3214.90039063	100.278793335
3216.31347656	99.8172912598
3217.72631836	100.974624634
3219.1394043	94.2152099609
3220.55224609	95.5744171143
3221.96533203	99.5403442383
3223.37817383	104.082466125
3224.79125977	102.305778503
3226.2043457	106.370788574
3227.6171875	115.078193665
3229.03027344	109.088760376
3230.44311523	110.631202698
3231.85620117	114.983146667
3233.26904297	135.28112793
3234.68212891	127.035095215
3236.0949707	134.390655518
3237.50805664	155.059295654
3238.92089844	173.381286621
3240.33398438	189.840515137
3241.74707031	206.054885864
3243.15991211	221.047561646
3244.57299805	238.43838501
3245.98583984	246.686096191
3247.39892578	249.492584229
3248.81176758	242.88092041
3250.22485352	227.703308105
3251.63769531	216.599411011
3253.05078125	185.690551758
3254.46362305	155.968566895
3255.87670898	140.910400391
3257.28955078	138.072143555
3258.70263672	129.020355225
3260.11572266	123.963813782
3261.52856445	118.114631653
3262.94165039	111.454376221
3264.35449219	109.757026672
3265.76757813	104.850540161
3267.18041992	102.312950134
3268.59350586	107.603416443
3270.00634766	106.415794373
3271.41943359	104.331069946
3272.83227539	103.523803711
3274.24536133	100.999130249
3275.65820313	110.614501953
3277.07128906	98.243637085
3278.484375	109.98600769
3279.8972168	100.593025208
3281.31030273	98.9302368164
3282.72314453	99.9108734131
3284.13623047	104.406806946
3285.54907227	100.719688416
3286.9621582	98.361831665
3288.375	101.926460266
3289.78808594	98.7195129395
3291.20092773	103.400184631
3292.61401367	98.4956359863
3294.02685547	103.868896484
3295.43994141	101.716087341
3296.85302734	101.190994263
3298.26586914	98.7602539063
3299.67895508	104.610984802
3301.09179688	101.42024231
3302.50488281	102.247688293
3303.91772461	105.330513
3305.33081055	105.093139648
3306.74365234	102.625198364
3308.15673828	112.527763367
3309.56958008	102.174865723
3310.98266602	101.856277466
3312.39575195	98.7213439941
3313.80859375	101.158966064
3315.22167969	107.704391479
3316.63452148	97.2495651245
3318.04760742	104.317398071
3319.46044922	99.479888916
3320.87353516	94.2425994873
3322.28637695	99.9551467896
3323.69946289	102.484138489
3325.11230469	103.07762146
3326.52539063	99.5984573364
3327.93823242	99.1739501953
3329.35131836	98.9395065308
3330.7644043	100.505241394
3332.17724609	93.5237503052
3333.59033203	98.6832962036
3335.00317383	103.463432312
3336.41625977	102.490455627
3337.82910156	102.545478821
3339.2421875	105.985054016
3340.6550293	96.3771896362
3342.06811523	94.2053909302
3343.48095703	90.7412872314
3344.89404297	101.898841858
3346.30688477	105.28012085
3347.7199707	102.564460754
3349.13305664	106.213005066
3350.54589844	105.005355835
3351.95898438	104.593849182
3353.37182617	100.063308716
3354.78491211	104.32623291
3356.19775391	102.828529358
3357.61083984	99.9466247559
3359.02368164	105.666549683
3360.43676758	105.748550415
3361.84960938	94.1369400024
3363.26269531	103.207778931
3364.67553711	100.282653809
3366.08862305	97.903503418
3367.50170898	100.957817078
3368.91455078	101.72077179
3370.32763672	99.4057693481
3371.74047852	96.7247009277
3373.15356445	101.736450195
3374.56640625	101.704208374
3375.97949219	103.927330017
3377.39233398	95.6421356201
3378.80541992	105.219581604
3380.21826172	105.884239197
3381.63134766	101.308486938
3383.04443359	104.758728027
3384.45727539	100.892990112
3385.87036133	103.917945862
3387.28320313	106.033622742
3388.69628906	107.644897461
3390.10913086	105.321884155
3391.5222168	105.823066711
3392.93505859	103.522415161
3394.34814453	102.416244507
3395.76098633	99.7207794189
3397.17407227	101.991447449
3398.58691406	102.069160461
3400	99.823059082
