1200	753.546447754
1201.41296387	760.570068359
1202.82592773	757.470153809
1204.2388916	744.007324219
1205.65185547	743.595031738
1207.06481934	725.618225098
1208.4777832	719.901794434
1209.89086914	706.150024414
1211.30383301	697.161132813
1212.71679688	677.893554688
1214.12976074	661.404724121
1215.54272461	660.379577637
1216.95568848	643.03527832
1218.36865234	653.806396484
1219.78161621	643.302124023
1221.19458008	629.104248047
1222.60754395	630.855834961
1224.02050781	624.190490723
1225.43347168	608.611022949
1226.84655762	607.188415527
1228.25952148	606.777282715
1229.67248535	589.33795166
1231.08544922	566.520446777
1232.49841309	560.675109863
1233.91137695	566.238769531
1235.32434082	554.526489258
1236.73730469	534.944519043
1238.15026855	540.371032715
1239.56323242	537.523986816
1240.97619629	540.710571289
1242.38916016	530.154846191
1243.80212402	529.124755859
1245.21520996	533.99822998
1246.62817383	530.52130127
1248.0411377	519.248291016
1249.45410156	516.501647949
1250.86706543	523.33001709
1252.2800293	509.326477051
1253.69299316	519.887084961
1255.10595703	497.85345459
1256.5189209	464.697479248
1257.93188477	454.902679443
1259.34484863	453.854095459
1260.7578125	427.825286865
1262.17089844	435.648681641
1263.5838623	447.917449951
1264.99682617	427.706726074
1266.40979004	429.112030029
1267.82275391	421.304321289
1269.23571777	418.643371582
1270.64868164	418.834320068
1272.06164551	406.230712891
1273.47460938	430.869445801
1274.88757324	409.499298096
1276.30053711	390.336517334
1277.71350098	397.455169678
1279.12646484	410.9296875
1280.53955078	420.792816162
1281.95251465	426.755737305
1283.36547852	430.354492188
1284.77844238	429.139862061
1286.19140625	416.528167725
1287.60437012	426.10333252
1289.01733398	427.279144287
1290.43029785	435.398101807
1291.84326172	435.730529785
1293.25622559	433.942047119
1294.66918945	436.80380249
1296.08215332	425.894958496
1297.49523926	444.937652588
1298.90820313	431.845397949
1300.32116699	436.056121826
1301.73413086	442.048980713
1303.14709473	448.82824707
1304.56005859	450.352539063
1305.97302246	444.95602417
1307.38598633	438.731109619
1308.7989502	424.13293457
1310.21191406	405.632080078
1311.62487793	412.83770752
1313.0378418	421.405303955
1314.45092773	422.08984375
1315.8638916	411.847412109
1317.27685547	394.427642822
1318.68981934	383.541687012
1320.1027832	394.787414551
1321.51574707	389.494415283
1322.92871094	376.16583252
1324.3416748	371.775787354
1325.75463867	365.384155273
1327.16760254	357.941589355
1328.58056641	354.39074707
1329.99353027	352.536224365
1331.40649414	344.744934082
1332.81958008	338.094604492
1334.23254395	340.174591064
1335.64550781	339.259918213
1337.05847168	346.857788086
1338.47143555	350.726257324
1339.88439941	352.379852295
1341.29736328	345.387786865
1342.71032715	328.622253418
1344.12329102	327.88394165
1345.53625488	331.99331665
1346.94921875	333.196380615
1348.36218262	325.664093018
1349.77526855	331.206359863
1351.18823242	327.61026001
1352.60119629	326.954345703
1354.01416016	331.263092041
1355.42712402	327.53024292
1356.84008789	345.09085083
1358.25305176	335.346130371
1359.66601563	356.389068604
1361.07897949	349.613220215
1362.49194336	361.705383301
1363.90490723	363.968902588
1365.31787109	360.431304932
1366.73083496	369.626556396
1368.1439209	383.00088501
1369.55688477	390.492706299
1370.96984863	364.765563965
1372.3828125	370.071380615
1373.79577637	384.914520264
1375.20874023	396.763336182
1376.6217041	409.554016113
1378.03466797	416.963897705
1379.44763184	419.274627686
1380.8605957	426.480957031
1382.27355957	413.786834717
1383.68652344	435.997894287
1385.09960938	446.543365479
1386.51257324	462.583953857
1387.92553711	479.050323486
1389.33850098	500.273590088
1390.75146484	515.926696777
1392.16442871	521.650878906
1393.57739258	527.988708496
1394.99035645	519.430419922
1396.40332031	534.556091309
1397.81628418	544.638061523
1399.22924805	522.861633301
1400.64221191	517.479919434
1402.05517578	521.933776855
1403.46826172	507.938598633
1404.88122559	490.068054199
1406.29418945	504.854858398
1407.70715332	506.271606445
1409.12011719	498.252105713
1410.53308105	490.52822876
1411.94604492	462.634643555
1413.35900879	462.653900146
1414.77197266	459.785186768
1416.18493652	444.974639893
1417.59790039	435.091125488
1419.01086426	436.482025146
1420.4239502	432.581115723
1421.83691406	426.296417236
1423.24987793	412.909240723
1424.6628418	426.873718262
1426.07580566	420.059112549
1427.48876953	408.651885986
1428.9017334	387.994995117
1430.31469727	369.634979248
1431.72766113	362.780792236
1433.140625	346.681518555
1434.55358887	354.667816162
1435.96655273	329.612548828
1437.3795166	334.987915039
1438.79260254	334.160339355
1440.20556641	325.207702637
1441.61853027	316.182342529
1443.03149414	300.274078369
1444.44445801	284.91595459
1445.85742188	287.730773926
1447.27038574	284.802825928
1448.68334961	280.004364014
1450.09631348	279.104522705
1451.50927734	267.414611816
1452.92224121	268.23538208
1454.33520508	264.158355713
1455.74829102	272.197143555
1457.16125488	281.200042725
1458.57421875	272.161437988
1459.98718262	269.097625732
1461.40014648	282.561309814
1462.81311035	285.254211426
1464.22607422	324.248687744
1465.63903809	379.573486328
1467.05200195	464.445678711
1468.46496582	601.793701172
1469.87792969	796.282836914
1471.29089355	999.17779541
1472.70385742	1174.5489502
1474.11694336	1361.15039063
1475.52990723	1528.32165527
1476.94287109	1679.6973877
1478.35583496	1682.96716309
1479.76879883	1623.98254395
1481.1817627	1595.30004883
1482.59472656	1575.05505371
1484.00769043	1563.69165039
1485.4206543	1573.16809082
1486.83361816	1596.58081055
1488.24658203	1626.97875977
1489.6595459	1652.85778809
1491.07263184	1702.06970215
1492.4855957	1771.92248535
1493.89855957	1838.86523438
1495.31152344	1915.76318359
1496.7244873	2018.87365723
1498.13745117	2128.65869141
1499.55041504	2291.92749023
1500.96337891	2565.96142578
1502.37634277	2871.2355957
1503.78930664	3127.36083984
1505.20227051	3365.17480469
1506.61523438	3620.0012207
1508.02832031	3828.08032227
1509.44128418	4035.9519043
1510.85424805	4194.93798828
1512.26721191	4407.18408203
1513.68017578	4617.14746094
1515.09313965	4719.18261719
1516.50610352	4792.12646484
1517.91906738	4719.67578125
1519.33203125	4683.85546875
1520.74499512	4666.42529297
1522.15795898	4596.71386719
1523.57092285	4504.90771484
1524.98388672	4479.85888672
1526.39697266	4404.54931641
1527.80993652	4273.29101563
1529.22290039	4163.24804688
1530.63586426	4075.87817383
1532.04882813	4014.41210938
1533.46179199	3980.40673828
1534.87475586	3981.89624023
1536.28771973	3997.15844727
1537.70068359	3945.69042969
1539.11364746	3879.61547852
1540.52661133	3816.63012695
1541.9395752	3745.69384766
1543.35266113	3667.10522461
1544.765625	3556.94897461
1546.17858887	3362.12744141
1547.59155273	3136.22753906
1549.0045166	2905.62695313
1550.41748047	2692.23461914
1551.83044434	2561.42749023
1553.2434082	2392.20507813
1554.65637207	2281.69970703
1556.06933594	2207.69897461
1557.4822998	2147.0402832
1558.89526367	2095.90625
1560.30822754	2043.53979492
1561.72131348	1992.7545166
1563.13427734	1939.12902832
1564.54724121	1850.70361328
1565.96020508	1856.13549805
1567.37316895	1852.99694824
1568.78613281	1891.72167969
1570.19909668	1940.80200195
1571.61206055	1973.15185547
1573.02502441	2029.49951172
1574.43798828	2085.6953125
1575.85095215	2102.03881836
1577.26391602	2169.57202148
1578.67700195	2209.42602539
1580.08996582	2233.99414063
1581.50292969	2282.51049805
1582.91589355	2393.04321289
1584.32885742	2381.36425781
1585.74182129	2286.00805664
1587.15478516	2146.4440918
1588.56774902	1957.58886719
1589.98071289	1774.8737793
1591.39367676	1659.59716797
1592.80664063	1563.97741699
1594.21960449	1494.76672363
1595.63256836	1437.13928223
1597.0456543	1449.90332031
1598.45861816	1438.77880859
1599.87158203	1481.89855957
1601.2845459	1548.07958984
1602.69750977	1589.79138184
1604.11047363	1607.65515137
1605.5234375	1610.77526855
1606.93640137	1584.71069336
1608.34936523	1528.23522949
1609.7623291	1496.30102539
1611.17529297	1527.2434082
1612.58825684	1489.75390625
1614.00134277	1523.5300293
1615.41430664	1513.28723145
1616.82727051	1509.8112793
1618.24023438	1558.11218262
1619.65319824	1619.90014648
1621.06616211	1613.24047852
1622.47912598	1532.30712891
1623.89208984	1450.59875488
1625.30505371	1395.89770508
1626.71801758	1320.02392578
1628.13098145	1268.81982422
1629.54394531	1230.70666504
1630.95690918	1130.89001465
1632.36999512	1057.6192627
1633.78295898	1018.17059326
1635.19592285	1001.52856445
1636.60888672	966.937805176
1638.02185059	941.847229004
1639.43481445	941.774658203
1640.84777832	928.299682617
1642.26074219	911.077941895
1643.67370605	922.581298828
1645.08666992	912.268310547
1646.49963379	955.416870117
1647.91259766	927.26776123
1649.32568359	957.192382813
1650.73864746	971.440856934
1652.15161133	944.984375
1653.5645752	930.910217285
1654.97753906	931.729919434
1656.39050293	887.024169922
1657.8034668	806.93548584
1659.21643066	774.104919434
1660.62939453	741.203735352
1662.0423584	769.014526367
1663.45532227	762.575805664
1664.86828613	828.980834961
1666.28125	834.645385742
1667.69433594	895.849365234
1669.1072998	949.46081543
1670.52026367	1021.73272705
1671.93322754	1108.48620605
1673.34619141	1176.27624512
1674.75915527	1231.43493652
1676.17211914	1306.22912598
1677.58508301	1394.29797363
1678.99804688	1471.5916748
1680.41101074	1622.07226563
1681.82397461	1751.453125
1683.23693848	1930.35070801
1684.65002441	2101.21313477
1686.06298828	2305.58618164
1687.47595215	2377.09521484
1688.88891602	2393.46972656
1690.30187988	2367.20019531
1691.71484375	2272.99291992
1693.12780762	2162.3112793
1694.54077148	2078.71044922
1695.95373535	2035.92834473
1697.36669922	2025.54492188
1698.77966309	2050.52954102
1700.19262695	2188.17333984
1701.60571289	2294.73339844
1703.01867676	2386.12915039
1704.43164063	2504.50415039
1705.84460449	2573.00341797
1707.25756836	2599.86010742
1708.67053223	2608.18505859
1710.08349609	2613.375
1711.49645996	2627.57641602
1712.90942383	2648.94433594
1714.3223877	2654.44165039
1715.73535156	2554.17041016
1717.14831543	2478.53662109
1718.5612793	2351.70166016
1719.97436523	2243.01220703
1721.3873291	2127.76782227
1722.80029297	2013.79504395
1724.21325684	1924.38439941
1725.6262207	1809.81420898
1727.03918457	1737.40637207
1728.45214844	1684.78564453
1729.8651123	1621.89697266
1731.27807617	1592.82702637
1732.69104004	1553.72570801
1734.10400391	1507.36938477
1735.51696777	1468.94665527
1736.93005371	1463.99755859
1738.34301758	1463.3984375
1739.75598145	1404.01757813
1741.16894531	1332.87658691
1742.58190918	1319.93737793
1743.99487305	1294.03186035
1745.40783691	1274.03955078
1746.82080078	1247.55749512
1748.23376465	1226.7265625
1749.64672852	1226.47155762
1751.05969238	1218.3170166
1752.47265625	1204.94030762
1753.88562012	1190.55700684
1755.29870605	1197.08569336
1756.71166992	1193.59985352
1758.12463379	1156.39538574
1759.53759766	1133.08654785
1760.95056152	1133.49194336
1762.36352539	1109.45129395
1763.77648926	1094.81420898
1765.18945313	1102.09838867
1766.60241699	1104.79467773
1768.01538086	1097.79833984
1769.42834473	1080.78515625
1770.84130859	1058.71948242
1772.25439453	1053.31665039
1773.6673584	1052.49401855
1775.08032227	1081.66674805
1776.49328613	1061.90490723
1777.90625	1021.81689453
1779.31921387	1070.38024902
1780.73217773	1044.80456543
1782.1451416	1040.9140625
1783.55810547	1015.69934082
1784.97106934	1022.16107178
1786.3840332	1029.61450195
1787.79699707	1023.03918457
1789.20996094	1032.47375488
1790.62304688	1038.14221191
1792.03601074	1006.99969482
1793.44897461	997.495544434
1794.86193848	1032.91113281
1796.27490234	992.639038086
1797.68786621	1022.37402344
1799.10083008	988.398925781
1800.51379395	1024.02685547
1801.92675781	1013.24572754
1803.33972168	1001.74377441
1804.75268555	1004.93585205
1806.16564941	1003.66937256
1807.57873535	1006.42785645
1808.99169922	1009.35449219
1810.40466309	1016.30657959
1811.81762695	1007.69976807
1813.23059082	978.78704834
1814.64355469	970.346374512
1816.05651855	974.02355957
1817.46948242	975.16015625
1818.88244629	1006.31951904
1820.29541016	1008.2923584
1821.70837402	978.304992676
1823.12133789	1006.42913818
1824.53430176	956.901550293
1825.9473877	969.3203125
1827.36035156	951.258056641
1828.77331543	945.539367676
1830.1862793	926.951538086
1831.59924316	911.547363281
1833.01220703	927.840148926
1834.4251709	951.520996094
1835.83813477	950.825927734
1837.25109863	943.828308105
1838.6640625	954.651245117
1840.07702637	953.863952637
1841.48999023	958.400634766
1842.90307617	941.121337891
1844.31604004	989.095581055
1845.72900391	960.049316406
1847.14196777	974.945739746
1848.55493164	978.987854004
1849.96789551	960.916137695
1851.38085938	964.775085449
1852.79382324	964.108154297
1854.20678711	946.831970215
1855.61975098	958.628723145
1857.03271484	967.090820313
1858.44567871	953.354492188
1859.85864258	950.919677734
1861.27172852	944.509277344
1862.68469238	939.767211914
1864.09765625	940.747680664
1865.51062012	949.35333252
1866.92358398	951.452270508
1868.33654785	942.898132324
1869.74951172	911.764465332
1871.16247559	926.339294434
1872.57543945	930.856567383
1873.98840332	932.131530762
1875.40136719	942.911987305
1876.81433105	938.352722168
1878.22741699	916.321594238
1879.64038086	909.43359375
1881.05334473	920.973510742
1882.46630859	924.573608398
1883.87927246	912.546569824
1885.29223633	903.353271484
1886.7052002	900.344665527
1888.11816406	890.712036133
1889.53112793	902.185119629
1890.9440918	897.888427734
1892.35705566	870.217529297
1893.77001953	858.22845459
1895.1829834	892.298461914
1896.59606934	867.343139648
1898.0090332	835.295532227
1899.42199707	830.281005859
1900.83496094	845.62322998
1902.2479248	842.769226074
1903.66088867	831.406433105
1905.07385254	797.409362793
1906.48681641	802.390380859
1907.89978027	809.354431152
1909.31274414	786.491821289
1910.72570801	781.468994141
1912.13867188	781.116394043
1913.55175781	771.796508789
1914.96472168	756.894104004
1916.37768555	745.51953125
1917.79064941	731.857543945
1919.20361328	721.947937012
1920.61657715	705.743164063
1922.02954102	658.889648438
1923.44250488	663.701477051
1924.85546875	621.864807129
1926.26843262	621.485595703
1927.68139648	585.235107422
1929.09436035	542.077270508
1930.50744629	496.958282471
1931.92041016	460.171813965
1933.33337402	432.737426758
1934.74633789	397.577392578
1936.15930176	345.776000977
1937.57226563	300.099578857
1938.98522949	262.783905029
1940.39819336	220.229003906
1941.81115723	195.905090332
1943.22412109	166.025756836
1944.63708496	149.379745483
1946.05004883	156.146911621
1947.4630127	136.092315674
1948.87609863	132.949676514
1950.2890625	131.380615234
1951.70202637	131.022384644
1953.11499023	131.889694214
1954.5279541	112.916908264
1955.94091797	117.031311035
1957.35388184	115.999717712
1958.7668457	115
1960.17980957	110.39730835
1961.59277344	108
1963.0057373	109.896072388
1964.41870117	111.170158386
1965.83178711	107.675994873
1967.24475098	106.727836609
1968.65771484	108.051231384
1970.07067871	106.268539429
1971.48364258	110.104469299
1972.89660645	108.767181396
1974.30957031	103.867492676
1975.72253418	103.031295776
1977.13549805	101.588790894
1978.54846191	103.865066528
1979.96142578	110.19418335
1981.37438965	105.075164795
1982.78735352	108.16053772
1984.20043945	104.437141418
1985.61340332	100.878463745
1987.02636719	105.232261658
1988.43933105	104.042404175
1989.85229492	101.640525818
1991.26525879	106.038581848
1992.67822266	104.910491943
1994.09118652	101.409812927
1995.50415039	95.6811141968
1996.91711426	97.1772689819
1998.33007813	99.1457443237
1999.74304199	95.5656509399
2001.15612793	97.499168396
2002.5690918	102.990486145
2003.98205566	102.572799683
2005.39501953	96.1785125732
2006.8079834	99.3544921875
2008.22094727	99.3544998169
2009.63391113	99.3544921875
2011.046875	98.9871520996
2012.45983887	96.0701293945
2013.87280273	97.3395004272
2015.2857666	108.252082825
2016.69873047	101.360015869
2018.11169434	95.8495407104
2019.52478027	95.0450744629
2020.93774414	100.3021698
2022.35070801	97.3781661987
2023.76367188	98.3572006226
2025.17663574	97.563293457
2026.58959961	98.6018676758
2028.00256348	90.9971618652
2029.41552734	99.055809021
2030.82849121	99.9815979004
2032.24145508	90.989730835
2033.65441895	94.0795135498
2035.06738281	93.8178710938
2036.48046875	90.6019821167
2037.89343262	98.6604385376
2039.30639648	98.5936584473
2040.71936035	94.2805480957
2042.13232422	96.5300521851
2043.54528809	99.2099685669
2044.95825195	103.276176453
2046.37121582	89.8511276245
2047.78417969	85.1601867676
2049.19726563	92.9063186646
2050.61010742	91.8268203735
2052.02319336	89.0771179199
2053.43603516	92.3155059814
2054.84912109	88.2052230835
2056.26196289	101.185333252
2057.67504883	95.278968811
2059.08789063	92.3520355225
2060.50097656	88.2105102539
2061.91381836	90.4825057983
2063.3269043	93.3347930908
2064.73999023	93.2847824097
2066.15283203	98.6990661621
2067.56591797	88.3858642578
2068.97875977	90.5833740234
2070.3918457	92.0696487427
2071.8046875	92.8510971069
2073.21777344	92.8929824829
2074.63061523	91.6292037964
2076.04370117	90.4744567871
2077.45654297	88.8321685791
2078.86962891	93.9399337769
2080.28271484	95.8543930054
2081.69555664	92.7682800293
2083.10864258	94.2498474121
2084.52148438	92.943397522
2085.93457031	90.3158721924
2087.34741211	91.9614028931
2088.76049805	92.7559051514
2090.17333984	85.6125869751
2091.58642578	89.9069290161
2092.99926758	94.5153961182
2094.41235352	95.8813781738
2095.82519531	87.1251525879
2097.23828125	92.9478149414
2098.65136719	88.5307312012
2100.06420898	87.421661377
2101.47729492	96.3919525146
2102.89013672	94.7295837402
2104.30322266	91.515838623
2105.71606445	92.1076431274
2107.12915039	89.7066726685
2108.54199219	87.4776535034
2109.95507813	91.3984909058
2111.36791992	90.8843307495
2112.78100586	90
2114.19384766	85.4501800537
2115.60693359	83.220703125
2117.02001953	82.7583847046
2118.43286133	84.4308624268
2119.84594727	89.9907150269
2121.25878906	91.6240844727
2122.671875	88.5320739746
2124.0847168	88.3888015747
2125.49780273	89.563293457
2126.91064453	83.8070526123
2128.32373047	78.5266342163
2129.73657227	82.7188873291
2131.1496582	82.7801513672
2132.5625	83.0276565552
2133.97558594	88.1480407715
2135.38867188	84.5377807617
2136.80151367	81.6774749756
2138.21459961	86.2104721069
2139.62744141	86.0707550049
2141.04052734	83.5099868774
2142.45336914	90.6195297241
2143.86645508	86.6795501709
2145.27929688	91.2189178467
2146.69238281	83.7545928955
2148.10522461	89.1393127441
2149.51831055	84.4728393555
2150.93139648	90.3396224976
2152.34423828	85.1362762451
2153.75732422	81.5311279297
2155.17016602	82.8847427368
2156.58325195	88.4442138672
2157.99609375	86.6587371826
2159.40917969	88.9428939819
2160.82202148	94.1058654785
2162.23510742	88.4407424927
2163.64794922	84.6054153442
2165.06103516	78.8335418701
2166.47387695	88.4305267334
2167.88696289	85.376701355
2169.30004883	83
2170.71289063	80.2233810425
2172.12597656	88.4382705688
2173.53881836	91.6920547485
2174.9519043	92.2686233521
2176.36474609	88.0840454102
2177.77783203	84.6163024902
2179.19067383	87.0264282227
2180.60375977	87.8881912231
2182.01660156	84.5056304932
2183.4296875	84.944770813
2184.8425293	83.85887146
2186.25561523	84.0308990479
2187.66870117	85.6876983643
2189.08154297	82.7131881714
2190.49462891	83.055809021
2191.9074707	84.5532073975
2193.32055664	85.9972229004
2194.73339844	85.506980896
2196.14648438	83.7116317749
2197.55932617	84.7813110352
2198.97241211	85.3190689087
2200.38525391	88.7709503174
2201.79833984	87.3910293579
2203.21142578	76.815284729
2204.62426758	80.3658447266
2206.03735352	85.2275161743
2207.45019531	87.3284225464
2208.86328125	85
2210.27612305	85.1922683716
2211.68920898	85.8235397339
2213.10205078	84.0301589966
2214.51513672	79.7341690063
2215.92797852	84.5258865356
2217.34106445	87.5728683472
2218.75390625	84.6635971069
2220.16699219	87.1473312378
2221.58007813	85.3715667725
2222.99291992	90.2032470703
2224.40600586	93.0776977539
2225.81884766	87.1460189819
2227.23193359	81.1654891968
2228.64477539	89.293258667
2230.05786133	80.4174804688
2231.47070313	84.2756652832
2232.88378906	81.4506072998
2234.29663086	84.2213973999
2235.7097168	75.5378189087
2237.12255859	80.9125366211
2238.53564453	80.4357147217
2239.94873047	81.8474349976
2241.36157227	86.7908248901
2242.7746582	79.4036560059
2244.1875	76.3007049561
2245.60058594	77.722869873
2247.01342773	82.5554733276
2248.42651367	81.3763885498
2249.83935547	84.3151855469
2251.25244141	82.5447006226
2252.6652832	82
2254.07836914	80.4030914307
2255.49121094	81.5775985718
2256.90429688	87.7304763794
2258.31738281	81.3833465576
2259.73022461	83.8337097168
2261.14331055	82.8333740234
2262.55615234	80.7793273926
2263.96923828	84.4918899536
2265.38208008	82.3780517578
2266.79516602	78.2367935181
2268.20800781	80.6856613159
2269.62109375	87.7396011353
2271.03393555	90.9797363281
2272.44702148	90.0958786011
2273.86010742	85.2017059326
2275.27294922	87.0963668823
2276.68603516	88.258895874
2278.09887695	88.8752822876
2279.51196289	91.6595230103
2280.92480469	90.1434402466
2282.33789063	94.088973999
2283.75073242	94.8096542358
2285.16381836	99.4030456543
2286.57666016	97.6750335693
2287.98974609	98.6149673462
2289.40258789	99.9378814697
2290.81567383	99.183807373
2292.22875977	97.114112854
2293.64160156	100.673141479
2295.0546875	106.790763855
2296.4675293	104.554336548
2297.88061523	94.3011016846
2299.29345703	93.4011383057
2300.70654297	96.860496521
2302.11938477	95.4024963379
2303.5324707	93.6095733643
2304.9453125	93.2627334595
2306.35839844	98.4700317383
2307.77124023	99.6295928955
2309.18432617	96.897064209
2310.59741211	93.9694900513
2312.01025391	98.4114532471
2313.42333984	99.058380127
2314.83618164	90.3247375488
2316.24926758	94.2975463867
2317.66210938	97.9511795044
2319.07519531	96.8916320801
2320.48803711	93.4413223267
2321.90112305	89.9853591919
2323.31396484	91.2352218628
2324.72705078	93.2734222412
2326.13989258	97.0717468262
2327.55297852	109.558944702
2328.96606445	122.881454468
2330.37890625	123.129989624
2331.79199219	111.417121887
2333.20483398	98.0551605225
2334.61791992	90.3043899536
2336.03076172	89.3997650146
2337.44384766	89.2565612793
2338.85668945	83.7698898315
2340.26977539	85.4490127563
2341.68261719	90.6730194092
2343.09570313	83.6141586304
2344.50878906	85.2047348022
2345.92163086	88.9134674072
2347.3347168	90.7629776001
2348.74755859	91.7251052856
2350.16064453	90.1437149048
2351.57348633	89.943901062
2352.98657227	87.2858200073
2354.39941406	89.2452011108
2355.8125	90.2976837158
2357.2253418	87.3097915649
2358.63842773	88.3954620361
2360.05126953	90.8982620239
2361.46435547	88.6910400391
2362.87744141	86.8494796753
2364.2902832	88.7579879761
2365.70336914	88.7492523193
2367.11621094	91.0555725098
2368.52929688	88.9852752686
2369.94213867	87.4371566772
2371.35522461	95.13230896
2372.76806641	98.5246276855
2374.18115234	96.5911865234
2375.59399414	97.0850524902
2377.00708008	97.5440292358
2378.41992188	95.025100708
2379.83300781	96.9080352783
2381.24609375	95.5824584961
2382.65893555	99.0039596558
2384.07202148	97.561378479
2385.48486328	98.1851501465
2386.89794922	105.263793945
2388.31079102	106.346488953
2389.72387695	105.065002441
2391.13671875	98.9385757446
2392.54980469	99.569519043
2393.96264648	102.370376587
2395.37573242	101.898918152
2396.78857422	101.67464447
2398.20166016	102.005096436
2399.61474609	100.434753418
2401.02758789	98.9542617798
2402.44067383	96.8505554199
2403.85351563	98.8962554932
2405.26660156	103.002052307
2406.67944336	100.152748108
2408.0925293	94.6231842041
2409.50537109	101.644538879
2410.91845703	92.6212234497
2412.33129883	94.9855804443
2413.74438477	95.836265564
2415.1574707	96.054901123
2416.5703125	102.123580933
2417.98339844	97.0287246704
2419.39624023	100.151756287
2420.80932617	101.434249878
2422.22216797	98.6817550659
2423.63525391	94.7134094238
2425.0480957	103.25479126
2426.46118164	101.005973816
2427.87402344	105.182037354
2429.28710938	103.913879395
2430.69995117	98.3575897217
2432.11303711	97.6552658081
2433.52612305	102.692001343
2434.93896484	103.782302856
2436.35205078	103.446739197
2437.76489258	106.891723633
2439.17797852	114.068138123
2440.59082031	111.524993896
2442.00390625	116.303131104
2443.41674805	120.098960876
2444.82983398	123.903053284
2446.24267578	126.66418457
2447.65576172	130.957595825
2449.06860352	135.25352478
2450.48168945	138.718093872
2451.89477539	141.252349854
2453.30761719	146.450927734
2454.72070313	144.104095459
2456.13354492	146.76751709
2457.54663086	147.419372559
2458.95947266	141.303970337
2460.37255859	138.479171753
2461.78540039	137.527679443
2463.19848633	136.369857788
2464.61132813	129.083969116
2466.02441406	126.871124268
2467.4375	128.136825562
2468.8503418	125.751823425
2470.26342773	125.77519989
2471.67626953	127.277816772
2473.08935547	122.770187378
2474.50219727	118.257164001
2475.9152832	121.822792053
2477.328125	116.907218933
2478.74121094	115.092674255
2480.15405273	118.262390137
2481.56713867	118.613357544
2482.97998047	117.19744873
2484.39306641	116.178207397
2485.80615234	109.669242859
2487.21899414	110.266136169
2488.63208008	115.989845276
2490.04492188	109.47706604
2491.45800781	108.146125793
2492.87084961	108.061035156
2494.28393555	102.775230408
2495.69677734	107.059707642
2497.10986328	107.655075073
2498.52270508	108.702041626
2499.93579102	108.771408081
2501.34863281	111.235229492
2502.76171875	105.445373535
2504.17480469	99.0028610229
2505.58764648	102.209892273
2507.00073242	98.5641098022
2508.41357422	103.080711365
2509.82666016	98.3418960571
2511.23950195	100.38394928
2512.65258789	99.3824005127
2514.06542969	97.1083145142
2515.47851563	105.756240845
2516.89135742	96.5627746582
2518.30444336	94.2143630981
2519.71728516	96.0957946777
2521.13037109	97.0970916748
2522.54345703	96.3160171509
2523.95629883	99.8578643799
2525.36938477	95.8056640625
2526.78222656	94.9033584595
2528.1953125	94.6288223267
2529.6081543	94.2448883057
2531.02124023	96.5434265137
2532.43408203	92.2815704346
2533.84716797	94.6997146606
2535.26000977	98.9459075928
2536.6730957	94.9016036987
2538.08618164	98.1793212891
2539.49902344	106.023796082
2540.91210938	92.6565933228
2542.32495117	95.4164199829
2543.73803711	93.8711013794
2545.15087891	92.8472213745
2546.56396484	91.0439758301
2547.97680664	94.0178451538
2549.38989258	92.9656143188
2550.80273438	90.7238464355
2552.21582031	90.8050231934
2553.62866211	95.0522537231
2555.04174805	87.5577774048
2556.45483398	91.3526992798
2557.86767578	84.5519866943
2559.28076172	94.8215560913
2560.69360352	95.5028762817
2562.10668945	96.8427963257
2563.51953125	90.9204330444
2564.93261719	93.9286270142
2566.34545898	93.726600647
2567.75854492	94.1493148804
2569.17138672	90.8167419434
2570.58447266	93.4247131348
2571.99731445	97.787109375
2573.41040039	98.7396316528
2574.82348633	97.0897521973
2576.23632813	93.2091369629
2577.64941406	96.5436172485
2579.06225586	96.5220794678
2580.4753418	96.9574737549
2581.88818359	98.3533859253
2583.30126953	96.875213623
2584.71411133	96.3547286987
2586.12719727	91.075843811
2587.54003906	92.8579864502
2588.953125	101.688026428
2590.3659668	97.7102813721
2591.77905273	98.9173965454
2593.19213867	105.676994324
2594.60498047	103.754867554
2596.01806641	106.857765198
2597.4309082	98.1250228882
2598.84399414	97.7712554932
2600.25683594	100.436660767
2601.66992188	103.506790161
2603.08276367	105.033882141
2604.49584961	105.237998962
2605.90869141	108.544837952
2607.32177734	110.631896973
2608.73486328	110.012039185
2610.14770508	108.594818115
2611.56079102	113.789733887
2612.97363281	109.955230713
2614.38671875	113.776596069
2615.79956055	115.753952026
2617.21264648	116.974685669
2618.62548828	115.836509705
2620.03857422	117.657485962
2621.45141602	127.452102661
2622.86450195	127.606338501
2624.27734375	134.48248291
2625.69042969	131.368499756
2627.10351563	135.109039307
2628.51635742	137.925567627
2629.92944336	147.551223755
2631.34228516	149.612457275
2632.75537109	152.811584473
2634.16821289	159.200576782
2635.58129883	168.935028076
2636.99414063	171.605880737
2638.40722656	178.63885498
2639.82006836	193.249008179
2641.2331543	191.312973022
2642.64599609	208.796920776
2644.05908203	227.680084229
2645.47216797	246.068557739
2646.88500977	275.816589355
2648.2980957	275.790679932
2649.7109375	301.141784668
2651.12402344	330.312072754
2652.53686523	365.684295654
2653.94995117	388.124023438
2655.36279297	411.614105225
2656.77587891	458.583526611
2658.1887207	508.239044189
2659.60180664	567.199462891
2661.01489258	617.040039063
2662.42773438	687.140258789
2663.84082031	754.951538086
2665.25366211	830.378173828
2666.66674805	894.567932129
2668.07958984	983.443481445
2669.49267578	1078.85754395
2670.90551758	1145.79589844
2672.31860352	1237.03894043
2673.73144531	1265.20996094
2675.14453125	1289.76477051
2676.55737305	1344.72216797
2677.97045898	1376.94848633
2679.38354492	1344.07617188
2680.79638672	1327.4375
2682.20947266	1277.71325684
2683.62231445	1233.35754395
2685.03540039	1148.64050293
2686.44824219	1061.62487793
2687.86132813	976.633178711
2689.27416992	874.931518555
2690.68725586	786.225769043
2692.10009766	732.815551758
2693.51318359	674.413696289
2694.92602539	605.906860352
2696.33911133	551.126159668
2697.75219727	494.662658691
2699.16503906	441.403564453
2700.578125	401.682037354
2701.9909668	367.54397583
2703.40405273	340.304077148
2704.81689453	314.225189209
2706.22998047	291.146514893
2707.64282227	267.746246338
2709.0559082	241.100967407
2710.46875	234.637664795
2711.88183594	220.843215942
2713.29467773	204.51890564
2714.70776367	194.101165771
2716.12084961	183.842727661
2717.53369141	182.965881348
2718.94677734	173.94619751
2720.35961914	163.545349121
2721.77270508	161.551422119
2723.18554688	160.426803589
2724.59863281	153.832855225
2726.01147461	150.565933228
2727.42456055	138.088439941
2728.83740234	140.59576416
2730.25048828	131.815536499
2731.66357422	136.631530762
2733.07641602	130.163192749
2734.48950195	123.721313477
2735.90234375	131.1847229
2737.31542969	121.469047546
2738.72827148	129.126327515
2740.14135742	113.321327209
2741.55419922	119.35559845
2742.96728516	125.986312866
2744.38012695	116.561317444
2745.79321289	113.580711365
2747.20605469	115.480979919
2748.61914063	113.506027222
2750.03222656	113.873245239
2751.44506836	116.116828918
2752.8581543	106.981483459
2754.27099609	103.390190125
2755.68408203	102.344276428
2757.09692383	102.321655273
2758.51000977	107.729232788
2759.92285156	102.128700256
2761.3359375	104.488632202
2762.7487793	97.6519699097
2764.16186523	100.6509552
2765.57470703	103.741958618
2766.98779297	111.05305481
2768.40087891	105.99912262
2769.8137207	98.1797485352
2771.22680664	101.985656738
2772.63964844	104.129959106
2774.05273438	100.597572327
2775.46557617	100.546554565
2776.87866211	99.9300231934
2778.29150391	102.617362976
2779.70458984	98.3777389526
2781.11743164	96.9707107544
2782.53051758	97.5769500732
2783.94335938	96.748046875
2785.35644531	98.3201904297
2786.76953125	103.411132813
2788.18237305	94.5143814087
2789.59545898	90.6680679321
2791.00830078	91.6350250244
2792.42138672	93.1019287109
2793.83422852	94.5609970093
2795.24731445	91.2178955078
2796.66015625	91.2995605469
2798.07324219	95.5358047485
2799.48608398	99.5490493774
2800.89916992	97.8574981689
2802.31225586	99.5276489258
2803.72509766	101.564231873
2805.13818359	90.0016098022
2806.55102539	87.9535064697
2807.96411133	84.37059021
2809.37695313	94.3728179932
2810.79003906	92.697013855
2812.20288086	87.6794433594
2813.6159668	89.981880188
2815.02880859	85.6790847778
2816.44189453	96.5266189575
2817.85473633	93.0693359375
2819.26782227	95.2644577026
2820.6809082	93.4378738403
2822.09375	90.8384017944
2823.50683594	93.5497589111
2824.91967773	91.79347229
2826.33276367	95.7230224609
2827.74560547	92.9342651367
2829.15869141	90.5208129883
2830.5715332	88.9120864868
2831.98461914	87.6998748779
2833.39746094	97.2063598633
2834.81054688	98.4493942261
2836.22338867	96.3297576904
2837.63647461	93.736328125
2839.04956055	94.0617218018
2840.46240234	92.7806396484
2841.87548828	90.0536270142
2843.28833008	85.6625900269
2844.70141602	91.8988647461
2846.11425781	91.2002182007
2847.52734375	88.8168945313
2848.94018555	90.9489593506
2850.35327148	82.6990737915
2851.76611328	91.7218780518
2853.17919922	94.5975799561
2854.59228516	99.2117538452
2856.00512695	90.6054000854
2857.41821289	91.8164367676
2858.83105469	93.5166931152
2860.24414063	87.3874893188
2861.65698242	88.5395431519
2863.07006836	93.5631561279
2864.48291016	91.0587158203
2865.89599609	89.5242233276
2867.30883789	94.8433227539
2868.72192383	97.5596542358
2870.13476563	85.2142028809
2871.54785156	83.383140564
2872.9609375	96.9052429199
2874.3737793	90.6302566528
2875.78686523	86.6035308838
2877.19970703	92.8843154907
2878.61279297	102.346588135
2880.02563477	92.0515899658
2881.4387207	89.030166626
2882.8515625	87.5659713745
2884.26464844	89.8647766113
2885.67749023	91.3034591675
2887.09057617	92.7886962891
2888.50341797	95.3545074463
2889.91650391	93.1840057373
2891.32958984	93.243560791
2892.74243164	93.5794525146
2894.15551758	86.392578125
2895.56835938	89.3469696045
2896.98144531	87.6646957397
2898.39428711	89.8233566284
2899.80737305	91.0698318481
2901.22021484	87.3951644897
2902.63330078	90.6747360229
2904.04614258	84.2126846313
2905.45922852	91.9260559082
2906.87207031	91.2014160156
2908.28515625	87.3122711182
2909.69824219	94.2137756348
2911.11108398	99.0451049805
2912.52416992	89.3975524902
2913.93701172	90.3665008545
2915.35009766	88.5014572144
2916.76293945	90.4495544434
2918.17602539	89.4820327759
2919.58886719	93.8199615479
2921.00195313	93.3419876099
2922.41479492	96.0824508667
2923.82788086	94.052986145
2925.2409668	90.3394012451
2926.65380859	90.2489776611
2928.06689453	91.9122543335
2929.47973633	94.648475647
2930.89282227	93.9168777466
2932.30566406	93.5975799561
2933.71875	97.5817642212
2935.1315918	82.8769302368
2936.54467773	88.4981918335
2937.95751953	92.8270950317
2939.37060547	91.8068237305
2940.78344727	93.3697814941
2942.1965332	87.3843612671
2943.60961914	85.8863296509
2945.02246094	87.9694671631
2946.43554688	91.0662841797
2947.84838867	93.364151001
2949.26147461	95.3334197998
2950.67431641	94.6493682861
2952.08740234	92.5402069092
2953.50024414	90.1600112915
2954.91333008	87.5299987793
2956.32617188	90.683265686
2957.73925781	88.8869400024
2959.15209961	90.0328063965
2960.56518555	91.6312332153
2961.97827148	90.2030410767
2963.39111328	89.21043396
2964.80419922	95.6080322266
2966.21704102	95.0428237915
2967.63012695	90.7883605957
2969.04296875	86.5929794312
2970.45605469	93.9368515015
2971.86889648	89.8524017334
2973.28198242	95.8340454102
2974.69482422	92.3779296875
2976.10791016	88.4291610718
2977.52075195	94.0644378662
2978.93383789	92.7997131348
2980.34692383	89.5465545654
2981.75976563	86.2903518677
2983.17285156	95.8478317261
2984.58569336	88.2062835693
2985.9987793	92.3201980591
2987.41162109	85.3982467651
2988.82470703	86.1686706543
2990.23754883	91.465171814
2991.65063477	90.4061279297
2993.06347656	93.4979629517
2994.4765625	90.2429504395
2995.88964844	86.2383270264
2997.30249023	86.2148361206
2998.71557617	82.5592727661
3000.12841797	83.3813781738
3001.54150391	84.4792556763
3002.9543457	87.270072937
3004.36743164	96.3579101563
3005.78027344	91.9425354004
3007.19335938	81.8948059082
3008.60620117	84.1185836792
3010.01928711	85.1288299561
3011.43212891	90.1959686279
3012.84521484	91.2195587158
3014.25830078	93.6360015869
3015.67114258	87.6365814209
3017.08422852	90.4335098267
3018.49707031	83.356628418
3019.91015625	80.7372283936
3021.32299805	84.1259078979
3022.73608398	92.5655670166
3024.14892578	89.6108398438
3025.56201172	83.533454895
3026.97485352	85.7633285522
3028.38793945	87.9108123779
3029.80078125	90.7142410278
3031.21386719	82.8888702393
3032.62695313	86.4148483276
3034.03979492	89.2207107544
3035.45288086	83.7696533203
3036.86572266	80.3228149414
3038.27880859	81.2262268066
3039.69165039	84.1091995239
3041.10473633	95.7194442749
3042.51757813	96.4823074341
3043.93066406	96.6562042236
3045.34350586	91.1507720947
3046.7565918	94.087272644
3048.16967773	84.6682891846
3049.58251953	92.5007629395
3050.99560547	91.3156738281
3052.40844727	91.3593978882
3053.8215332	90.9817581177
3055.234375	82.8439865112
3056.64746094	84.2450256348
3058.06030273	85.9530792236
3059.47338867	85.3551559448
3060.88623047	84.7432098389
3062.29931641	82.6972503662
3063.7121582	86.8330383301
3065.12524414	93.2937698364
3066.53833008	90.7953643799
3067.95117188	88.2576293945
3069.36425781	86.7229232788
3070.77709961	85.5975799561
3072.19018555	86.1676864624
3073.60302734	88.034286499
3075.01611328	88.5975723267
3076.42895508	79.3041000366
3077.84204102	82.7686157227
3079.25488281	87.8302612305
3080.66796875	86.2351608276
3082.08081055	96.6347122192
3083.49389648	90.8894882202
3084.90698242	90.6535720825
3086.31982422	86.8508224487
3087.73291016	82.1147003174
3089.14575195	84.9120635986
3090.55883789	85.5975799561
3091.97167969	91.8094100952
3093.38476563	96.7952957153
3094.79760742	87.4655914307
3096.21069336	94.904914856
3097.62353516	95.7933731079
3099.03662109	90.9019165039
3100.44946289	94.3058853149
3101.86254883	88.6446914673
3103.27563477	89.8309707642
3104.68847656	81.1034622192
3106.1015625	94.1771392822
3107.5144043	86.7534866333
3108.92749023	87.0524673462
3110.34033203	87.3551712036
3111.75341797	92.9380264282
3113.16625977	93.8243103027
3114.5793457	94.594619751
3115.9921875	91.6933670044
3117.40527344	88.8243484497
3118.81835938	97.4230117798
3120.23120117	87.177444458
3121.64428711	92.193687439
3123.05712891	89.6740951538
3124.47021484	88.4261779785
3125.88305664	88.0370178223
3127.29614258	87.1614761353
3128.70898438	89.0377655029
3130.12207031	93.7983779907
3131.53491211	94.5032653809
3132.94799805	99.8405227661
3134.36083984	86.8379898071
3135.77392578	89.1090774536
3137.18701172	91.2897567749
3138.59985352	91.6265029907
3140.01293945	88.7584152222
3141.42578125	84.0563964844
3142.83886719	90.625541687
3144.25170898	88.912437439
3145.66479492	90.828704834
3147.07763672	96.8520965576
3148.49072266	87.8394241333
3149.90356445	92.9922866821
3151.31665039	93.2064361572
3152.72949219	90.0197372437
3154.14257813	94.3483810425
3155.55566406	86.9904937744
3156.96850586	91.8798446655
3158.3815918	90.5137329102
3159.79443359	86.5975799561
3161.20751953	88.5250854492
3162.62036133	89.9066009521
3164.03344727	84.8717727661
3165.44628906	92.5982589722
3166.859375	96.2591781616
3168.2722168	92.4951324463
3169.68530273	88.7448043823
3171.09814453	93.3503189087
3172.51123047	89.4456710815
3173.92431641	91.1874847412
3175.3371582	83.8199310303
3176.75024414	92.3899002075
3178.16308594	92.7681045532
3179.57617188	91.0228347778
3180.98901367	89.9429702759
3182.40209961	92.4214096069
3183.81494141	95.4842147827
3185.22802734	92.3932952881
3186.64086914	89.7546081543
3188.05395508	96.3885650635
3189.46704102	88.8936309814
3190.87988281	90.5755996704
3192.29296875	92.3447723389
3193.70581055	89.7754516602
3195.11889648	86.6448516846
3196.53173828	85.5964355469
3197.94482422	92.9723892212
3199.35766602	89.5393753052
3200.77075195	92.2400665283
3202.18359375	85.4623413086
3203.59667969	89.1056976318
3205.00952148	97.3358230591
3206.42260742	95.8162689209
3207.83569336	96.1977081299
3209.24853516	88.7851257324
3210.66162109	85.4417037964
3212.07446289	91.1577148438
3213.48754883	95.9782714844
3214.90039063	93.6431503296
3216.31347656	89.559135437
3217.72631836	92.1169967651
3219.1394043	94.5964050293
3220.55224609	90.8372421265
3221.96533203	92.8383026123
3223.37817383	94.6466369629
3224.79125977	92.6820831299
3226.2043457	98.210105896
3227.6171875	98.688079834
3229.03027344	99.9744415283
3230.44311523	103.508010864
3231.85620117	109.234924316
3233.26904297	111.436920166
3234.68212891	103.35067749
3236.0949707	112.453323364
3237.50805664	114.601470947
3238.92089844	130.908752441
3240.33398438	139.749588013
3241.74707031	148.135299683
3243.15991211	167.690231323
3244.57299805	178.150878906
3245.98583984	170.783493042
3247.39892578	178.249511719
3248.81176758	186.779937744
3250.22485352	191.99911499
3251.63769531	179.284179688
3253.05078125	172.688354492
3254.46362305	148.740707397
3255.87670898	137.782333374
3257.28955078	128.662475586
3258.70263672	119.742904663
3260.11572266	120.583129883
3261.52856445	104.368125916
3262.94165039	104.454925537
3264.35449219	104.633834839
3265.76757813	93.5981292725
3267.18041992	95.6956176758
3268.59350586	99.2158660889
3270.00634766	94.7461471558
3271.41943359	88.7867660522
3272.83227539	92.7238311768
3274.24536133	92.790184021
3275.65820313	89.6283950806
3277.07128906	89.5403900146
3278.484375	95.5291976929
3279.8972168	91.4632568359
3281.31030273	91.1226730347
3282.72314453	91.3215332031
3284.13623047	92.0584487915
3285.54907227	87.1932449341
3286.9621582	92.7444839478
3288.375	96.9533462524
3289.78808594	93.5684814453
3291.20092773	95.6172637939
3292.61401367	95.778503418
3294.02685547	92.8422012329
3295.43994141	101.505210876
3296.85302734	93.0303573608
3298.26586914	94.1710281372
3299.67895508	91.0316238403
3301.09179688	91.5495681763
3302.50488281	89.1151733398
3303.91772461	88.536239624
3305.33081055	87.7484359741
3306.74365234	92.8837585449
3308.15673828	95.4470748901
3309.56958008	91.8407592773
3310.98266602	88.1704711914
3312.39575195	89.5975723267
3313.80859375	92.3786697388
3315.22167969	91.0735092163
3316.63452148	87.9270019531
3318.04760742	94.3288040161
3319.46044922	88.4802932739
3320.87353516	95.894569397
3322.28637695	95.0780334473
3323.69946289	99.066619873
3325.11230469	95.416809082
3326.52539063	97.2033081055
3327.93823242	100.332176208
3329.35131836	86.4827575684
3330.7644043	87.3863220215
3332.17724609	99.1681289673
3333.59033203	94.7975616455
3335.00317383	97.8202896118
3336.41625977	96.61302948
3337.82910156	92.7423934937
3339.2421875	89.4542770386
3340.6550293	88.3927764893
3342.06811523	93.7017745972
3343.48095703	94.7347793579
3344.89404297	94.8216323853
3346.30688477	98.0103607178
3347.7199707	96.0160598755
3349.13305664	98.5848388672
3350.54589844	89.2948684692
3351.95898438	96.9266052246
3353.37182617	100.040794373
3354.78491211	89.1637039185
3356.19775391	93.666847229
3357.61083984	95.7487258911
3359.02368164	88.6608352661
3360.43676758	91.197883606
3361.84960938	99.0859832764
3363.26269531	92.9585189819
3364.67553711	94.1594467163
3366.08862305	98.1191558838
3367.50170898	95.360534668
3368.91455078	96.5793991089
3370.32763672	98.1141357422
3371.74047852	89.434173584
3373.15356445	93.2479400635
3374.56640625	94.9303207397
3375.97949219	95.9228057861
3377.39233398	103.441581726
3378.80541992	94.592666626
3380.21826172	92.0691375732
3381.63134766	88.7141876221
3383.04443359	90.119392395
3384.45727539	91.0809173584
3385.87036133	91.4541931152
3387.28320313	97.8574752808
3388.69628906	91.5232543945
3390.10913086	93.5473098755
3391.5222168	96.6825942993
3392.93505859	92.5975799561
3394.34814453	94.996055603
3395.76098633	101.073509216
3397.17407227	88.0221862793
3398.58691406	89.8255004883
3400	92.4836273193
