1200	832.973083496
1201.41296387	840.038574219
1202.82592773	846.235717773
1204.2388916	845.30456543
1205.65185547	863.77746582
1207.06481934	809.791992188
1208.4777832	775.534790039
1209.89086914	792.491943359
1211.30383301	763.812988281
1212.71679688	735.707824707
1214.12976074	732.30267334
1215.54272461	727.584655762
1216.95568848	706.826843262
1218.36865234	694.621032715
1219.78161621	699.793273926
1221.19458008	707.217773438
1222.60754395	693.317443848
1224.02050781	682.658569336
1225.43347168	671.623840332
1226.84655762	646.864135742
1228.25952148	662.403503418
1229.67248535	639.632751465
1231.08544922	633.141113281
1232.49841309	616.976196289
1233.91137695	597.172485352
1235.32434082	603.936645508
1236.73730469	613.438903809
1238.15026855	579.909973145
1239.56323242	571.187438965
1240.97619629	595.66229248
1242.38916016	611.487792969
1243.80212402	576.858520508
1245.21520996	562.830688477
1246.62817383	571.52947998
1248.0411377	574.788574219
1249.45410156	570.484802246
1250.86706543	587.341369629
1252.2800293	575.963500977
1253.69299316	575.768737793
1255.10595703	548.612731934
1256.5189209	517.061035156
1257.93188477	497.387237549
1259.34484863	493.653930664
1260.7578125	495.23651123
1262.17089844	470.929016113
1263.5838623	450.673065186
1264.99682617	444.890075684
1266.40979004	466.861419678
1267.82275391	474.081298828
1269.23571777	468.423553467
1270.64868164	463.774169922
1272.06164551	462.101776123
1273.47460938	464.493041992
1274.88757324	428.4168396
1276.30053711	470.860809326
1277.71350098	456.717254639
1279.12646484	453.938201904
1280.53955078	461.2862854
1281.95251465	464.311584473
1283.36547852	469.268157959
1284.77844238	478.253845215
1286.19140625	480.889587402
1287.60437012	469.212799072
1289.01733398	484.300201416
1290.43029785	496.930145264
1291.84326172	497.532440186
1293.25622559	488.151885986
1294.66918945	481.690612793
1296.08215332	495.17678833
1297.49523926	504.854095459
1298.90820313	486.469329834
1300.32116699	472.530517578
1301.73413086	495.010253906
1303.14709473	504.71105957
1304.56005859	499.088989258
1305.97302246	488.935455322
1307.38598633	465.262451172
1308.7989502	462.944915771
1310.21191406	483.107086182
1311.62487793	464.800018311
1313.0378418	452.35369873
1314.45092773	439.261016846
1315.8638916	425.169616699
1317.27685547	421.173797607
1318.68981934	432.860443115
1320.1027832	440.294311523
1321.51574707	406.772033691
1322.92871094	404.265991211
1324.3416748	406.13949585
1325.75463867	401.893890381
1327.16760254	397.363830566
1328.58056641	381.427978516
1329.99353027	365.76083374
1331.40649414	383.511413574
1332.81958008	380.970703125
1334.23254395	382.838470459
1335.64550781	370.878540039
1337.05847168	381.148773193
1338.47143555	378.936798096
1339.88439941	378.9793396
1341.29736328	381.52166748
1342.71032715	369.9894104
1344.12329102	360.01272583
1345.53625488	360.998413086
1346.94921875	345.101226807
1348.36218262	358.292877197
1349.77526855	346.527648926
1351.18823242	345.500366211
1352.60119629	349.448150635
1354.01416016	352.539611816
1355.42712402	369.363586426
1356.84008789	378.990570068
1358.25305176	378.889343262
1359.66601563	369.47454834
1361.07897949	373.07913208
1362.49194336	384.380767822
1363.90490723	391.486938477
1365.31787109	400.129547119
1366.73083496	403.111480713
1368.1439209	388.914031982
1369.55688477	410.986938477
1370.96984863	398.566925049
1372.3828125	417.196777344
1373.79577637	425.249298096
1375.20874023	419.577819824
1376.6217041	431.10168457
1378.03466797	446.563598633
1379.44763184	444.205688477
1380.8605957	444.29989624
1382.27355957	467.890686035
1383.68652344	497.209289551
1385.09960938	496.493927002
1386.51257324	504.608978271
1387.92553711	523.917480469
1389.33850098	520.911621094
1390.75146484	533.503173828
1392.16442871	573.168823242
1393.57739258	572.849487305
1394.99035645	568.58190918
1396.40332031	578.369140625
1397.81628418	575.509887695
1399.22924805	599.196655273
1400.64221191	597.927124023
1402.05517578	569.187866211
1403.46826172	545.851806641
1404.88122559	543.481994629
1406.29418945	539.968322754
1407.70715332	519.290405273
1409.12011719	523.745666504
1410.53308105	535.120849609
1411.94604492	518.747253418
1413.35900879	510.367736816
1414.77197266	516.507507324
1416.18493652	508.214385986
1417.59790039	483.107971191
1419.01086426	469.601959229
1420.4239502	463.551086426
1421.83691406	451.986419678
1423.24987793	475.190856934
1424.6628418	454.186859131
1426.07580566	454.040008545
1427.48876953	444.766601563
1428.9017334	441.117614746
1430.31469727	435.684570313
1431.72766113	407.966888428
1433.140625	381.008056641
1434.55358887	359.129058838
1435.96655273	363.705444336
1437.3795166	347.175933838
1438.79260254	331.452148438
1440.20556641	338.792572021
1441.61853027	337.019897461
1443.03149414	323.053833008
1444.44445801	314.609130859
1445.85742188	311.920898438
1447.27038574	304
1448.68334961	304
1450.09631348	284.196899414
1451.50927734	289.095611572
1452.92224121	285.500579834
1454.33520508	284.168334961
1455.74829102	278.746154785
1457.16125488	275.733642578
1458.57421875	285.480773926
1459.98718262	295.342895508
1461.40014648	298.654510498
1462.81311035	320.197692871
1464.22607422	334.730285645
1465.63903809	389.507049561
1467.05200195	488.979125977
1468.46496582	670.174255371
1469.87792969	889.319152832
1471.29089355	1099.98144531
1472.70385742	1298.28601074
1474.11694336	1487.0213623
1475.52990723	1688.9296875
1476.94287109	1869.55578613
1478.35583496	1856.99487305
1479.76879883	1833.54370117
1481.1817627	1799.83666992
1482.59472656	1776.80383301
1484.00769043	1746.7722168
1485.4206543	1735.17724609
1486.83361816	1776.06225586
1488.24658203	1814.28393555
1489.6595459	1894.0078125
1491.07263184	1913.8203125
1492.4855957	2011.57177734
1493.89855957	2050.69042969
1495.31152344	2113.73852539
1496.7244873	2250.12670898
1498.13745117	2388.41259766
1499.55041504	2534.16870117
1500.96337891	2798.72290039
1502.37634277	3179.92016602
1503.78930664	3489.03515625
1505.20227051	3806.54711914
1506.61523438	4067.1809082
1508.02832031	4316.92626953
1509.44128418	4501.12988281
1510.85424805	4680.91845703
1512.26721191	4922.82958984
1513.68017578	5158.99023438
1515.09313965	5275.68212891
1516.50610352	5287.70507813
1517.91906738	5284.20263672
1519.33203125	5255.29003906
1520.74499512	5224.59179688
1522.15795898	5150.85742188
1523.57092285	5109.08642578
1524.98388672	5040.96240234
1526.39697266	4923.703125
1527.80993652	4794.58740234
1529.22290039	4682.88183594
1530.63586426	4590.79443359
1532.04882813	4534.69287109
1533.46179199	4443.28564453
1534.87475586	4451.43212891
1536.28771973	4499.16015625
1537.70068359	4477.26318359
1539.11364746	4398.87402344
1540.52661133	4315.34228516
1541.9395752	4269.14648438
1543.35266113	4186.08496094
1544.765625	3988.72363281
1546.17858887	3750.04101563
1547.59155273	3521.70996094
1549.0045166	3270.68237305
1550.41748047	3021.01928711
1551.83044434	2821.96044922
1553.2434082	2680.47216797
1554.65637207	2571.32250977
1556.06933594	2440.22705078
1557.4822998	2377.86425781
1558.89526367	2341.85961914
1560.30822754	2234.09716797
1561.72131348	2209.75976563
1563.13427734	2140.39746094
1564.54724121	2097.70825195
1565.96020508	2050.50488281
1567.37316895	2043.37597656
1568.78613281	2113.22216797
1570.19909668	2146.88061523
1571.61206055	2161.04125977
1573.02502441	2185.82495117
1574.43798828	2221.18481445
1575.85095215	2251.11621094
1577.26391602	2255.91674805
1578.67700195	2287.62402344
1580.08996582	2247.58764648
1581.50292969	2358.3112793
1582.91589355	2370.19189453
1584.32885742	2319.63378906
1585.74182129	2244.4831543
1587.15478516	2136.2565918
1588.56774902	2017.82580566
1589.98071289	1882.70166016
1591.39367676	1761.51782227
1592.80664063	1735.19262695
1594.21960449	1614.08056641
1595.63256836	1615.61828613
1597.0456543	1591.1060791
1598.45861816	1612.3651123
1599.87158203	1632.67907715
1601.2845459	1688.64990234
1602.69750977	1760.1184082
1604.11047363	1806.0612793
1605.5234375	1798.2512207
1606.93640137	1744.91088867
1608.34936523	1689.69494629
1609.7623291	1672.03210449
1611.17529297	1694.69934082
1612.58825684	1638.11230469
1614.00134277	1639.41711426
1615.41430664	1695.39672852
1616.82727051	1732.61181641
1618.24023438	1763.69787598
1619.65319824	1781.17895508
1621.06616211	1754.24060059
1622.47912598	1706.37866211
1623.89208984	1668.55273438
1625.30505371	1597.09057617
1626.71801758	1498.90100098
1628.13098145	1423.5111084
1629.54394531	1310.83911133
1630.95690918	1247.99743652
1632.36999512	1208.7331543
1633.78295898	1190.9276123
1635.19592285	1125.5567627
1636.60888672	1064.9630127
1638.02185059	1032.6394043
1639.43481445	1005.89233398
1640.84777832	1003.12567139
1642.26074219	1042.78564453
1643.67370605	1042.11645508
1645.08666992	1044.51269531
1646.49963379	1061.95581055
1647.91259766	1085.41625977
1649.32568359	1083.4486084
1650.73864746	1050.4375
1652.15161133	1054.8416748
1653.5645752	1047.21166992
1654.97753906	1001.88128662
1656.39050293	950.561340332
1657.8034668	915.898803711
1659.21643066	893.435852051
1660.62939453	875.988342285
1662.0423584	893.274536133
1663.45532227	841.659790039
1664.86828613	901.182006836
1666.28125	920.192260742
1667.69433594	989.828552246
1669.1072998	1054.42004395
1670.52026367	1140.14892578
1671.93322754	1215.77294922
1673.34619141	1290.98571777
1674.75915527	1376.50073242
1676.17211914	1444.40197754
1677.58508301	1558.31628418
1678.99804688	1655.67675781
1680.41101074	1792.99560547
1681.82397461	1980.01867676
1683.23693848	2138.84228516
1684.65002441	2346.33813477
1686.06298828	2525.81518555
1687.47595215	2668.02929688
1688.88891602	2721
1690.30187988	2681.56420898
1691.71484375	2570.64575195
1693.12780762	2418.40576172
1694.54077148	2308.82568359
1695.95373535	2287.65209961
1697.36669922	2218.19189453
1698.77966309	2266.46679688
1700.19262695	2438.29077148
1701.60571289	2522.7722168
1703.01867676	2704.1730957
1704.43164063	2787.90307617
1705.84460449	2884.69018555
1707.25756836	2961.13598633
1708.67053223	2979.64160156
1710.08349609	2982.60131836
1711.49645996	2962.81420898
1712.90942383	2917.19018555
1714.3223877	2954.46533203
1715.73535156	2869.49731445
1717.14831543	2789.42358398
1718.5612793	2607.96630859
1719.97436523	2455.51538086
1721.3873291	2348.96240234
1722.80029297	2200.63769531
1724.21325684	2122.40063477
1725.6262207	2045.69006348
1727.03918457	1950.24975586
1728.45214844	1885.09289551
1729.8651123	1840.37683105
1731.27807617	1778.93029785
1732.69104004	1734.24182129
1734.10400391	1712.96313477
1735.51696777	1661.7154541
1736.93005371	1599.01550293
1738.34301758	1602.72729492
1739.75598145	1535.82507324
1741.16894531	1502.90686035
1742.58190918	1483.30297852
1743.99487305	1438.53503418
1745.40783691	1442.77062988
1746.82080078	1429.27099609
1748.23376465	1404.70483398
1749.64672852	1392.20300293
1751.05969238	1353.63317871
1752.47265625	1362.10437012
1753.88562012	1365.27502441
1755.29870605	1298.59936523
1756.71166992	1293.87988281
1758.12463379	1282.71850586
1759.53759766	1269.80041504
1760.95056152	1247.95178223
1762.36352539	1278.15734863
1763.77648926	1227.26135254
1765.18945313	1225.84277344
1766.60241699	1240.16638184
1768.01538086	1229.37390137
1769.42834473	1207.56164551
1770.84130859	1190.56555176
1772.25439453	1196.39685059
1773.6673584	1165.65075684
1775.08032227	1196.16662598
1776.49328613	1202.07666016
1777.90625	1146.13989258
1779.31921387	1160.44116211
1780.73217773	1165.37097168
1782.1451416	1143.38562012
1783.55810547	1140.56323242
1784.97106934	1149.03662109
1786.3840332	1151.79199219
1787.79699707	1119.62792969
1789.20996094	1114.04260254
1790.62304688	1132.05517578
1792.03601074	1112.88574219
1793.44897461	1133.10852051
1794.86193848	1182.09094238
1796.27490234	1127.48706055
1797.68786621	1110.19934082
1799.10083008	1132.73535156
1800.51379395	1137.51330566
1801.92675781	1142.28210449
1803.33972168	1112.79626465
1804.75268555	1106.46008301
1806.16564941	1103.59313965
1807.57873535	1108.57714844
1808.99169922	1092.0045166
1810.40466309	1091.50927734
1811.81762695	1120.80029297
1813.23059082	1131.52038574
1814.64355469	1121.01623535
1816.05651855	1110.75280762
1817.46948242	1107.19250488
1818.88244629	1089.37133789
1820.29541016	1057.29443359
1821.70837402	1093.84155273
1823.12133789	1078.54162598
1824.53430176	1095.59472656
1825.9473877	1074.59106445
1827.36035156	1069.41320801
1828.77331543	1057.4407959
1830.1862793	1054.53198242
1831.59924316	1045.63415527
1833.01220703	1040.29833984
1834.4251709	1057.4519043
1835.83813477	1076.30847168
1837.25109863	1067.07653809
1838.6640625	1047.35131836
1840.07702637	1075.32922363
1841.48999023	1078.26318359
1842.90307617	1088.83154297
1844.31604004	1087.89086914
1845.72900391	1085.08178711
1847.14196777	1049.96398926
1848.55493164	1084.20031738
1849.96789551	1092.24291992
1851.38085938	1069.65698242
1852.79382324	1045.21081543
1854.20678711	1050.82739258
1855.61975098	1047.82800293
1857.03271484	1044.24450684
1858.44567871	1066.06958008
1859.85864258	1073.49047852
1861.27172852	1042.93225098
1862.68469238	1016.14520264
1864.09765625	1024.16552734
1865.51062012	1052.68652344
1866.92358398	1013.74475098
1868.33654785	1026.96911621
1869.74951172	1017.53460693
1871.16247559	1013.33746338
1872.57543945	1008.81091309
1873.98840332	1006.44598389
1875.40136719	1028.26464844
1876.81433105	1022.32788086
1878.22741699	1013.17114258
1879.64038086	1008.67486572
1881.05334473	987.504333496
1882.46630859	981.279663086
1883.87927246	989.176208496
1885.29223633	975.297363281
1886.7052002	977.173950195
1888.11816406	981.286376953
1889.53112793	953.230224609
1890.9440918	978.213684082
1892.35705566	971.066955566
1893.77001953	940.829284668
1895.1829834	932.41998291
1896.59606934	940.991882324
1898.0090332	942
1899.42199707	901.486083984
1900.83496094	933.125549316
1902.2479248	941.748535156
1903.66088867	919.268981934
1905.07385254	903.890625
1906.48681641	908.389282227
1907.89978027	905.909484863
1909.31274414	874.288269043
1910.72570801	848.600769043
1912.13867188	860.35760498
1913.55175781	855.882446289
1914.96472168	811.260437012
1916.37768555	808.338562012
1917.79064941	803.857543945
1919.20361328	792.211791992
1920.61657715	750.675170898
1922.02954102	734.536621094
1923.44250488	716.572814941
1924.85546875	681.310241699
1926.26843262	667.778747559
1927.68139648	651.51953125
1929.09436035	612.168640137
1930.50744629	557.008911133
1931.92041016	520.640197754
1933.33337402	476.656097412
1934.74633789	431.021209717
1936.15930176	387.486999512
1937.57226563	340.919586182
1938.98522949	302.192474365
1940.39819336	256.840942383
1941.81115723	204.268630981
1943.22412109	176.198379517
1944.63708496	167.992614746
1946.05004883	157.09576416
1947.4630127	144.129135132
1948.87609863	146.143814087
1950.2890625	119.444381714
1951.70202637	140.44052124
1953.11499023	122.312454224
1954.5279541	125.784561157
1955.94091797	122.110366821
1957.35388184	114.135116577
1958.7668457	119.004737854
1960.17980957	115.424728394
1961.59277344	113.764045715
1963.0057373	112.059577942
1964.41870117	106.30519104
1965.83178711	104.845176697
1967.24475098	100.446594238
1968.65771484	97.6438980103
1970.07067871	106.885742188
1971.48364258	107.803497314
1972.89660645	110.999176025
1974.30957031	112.563041687
1975.72253418	107.304733276
1977.13549805	108.781982422
1978.54846191	108.137542725
1979.96142578	109.709526062
1981.37438965	104.082626343
1982.78735352	102.007987976
1984.20043945	110.881858826
1985.61340332	106.845962524
1987.02636719	101.029342651
1988.43933105	104.509925842
1989.85229492	102.9739151
1991.26525879	101.278915405
1992.67822266	101.643196106
1994.09118652	93.5847396851
1995.50415039	95.8313903809
1996.91711426	104.011756897
1998.33007813	101.182998657
1999.74304199	97.2534255981
2001.15612793	98.0991592407
2002.5690918	99.0389862061
2003.98205566	100.507492065
2005.39501953	97.6755065918
2006.8079834	103.068511963
2008.22094727	96.4308166504
2009.63391113	93.4002075195
2011.046875	90.8635482788
2012.45983887	97.955871582
2013.87280273	98.6166381836
2015.2857666	89.9669189453
2016.69873047	89.8857421875
2018.11169434	95.4638442993
2019.52478027	98.5187911987
2020.93774414	94.7137527466
2022.35070801	98.657333374
2023.76367188	99.1287231445
2025.17663574	96.8127593994
2026.58959961	93.8812332153
2028.00256348	88.4590911865
2029.41552734	91.9791412354
2030.82849121	94.1843032837
2032.24145508	93.9447631836
2033.65441895	98.8224563599
2035.06738281	101.064254761
2036.48046875	96.3755722046
2037.89343262	92.1666793823
2039.30639648	92.3804168701
2040.71936035	94.6560440063
2042.13232422	94.1577148438
2043.54528809	94.203994751
2044.95825195	91.3756408691
2046.37121582	91.2022323608
2047.78417969	101.581993103
2049.19726563	92.1766586304
2050.61010742	94.1743774414
2052.02319336	98.6814651489
2053.43603516	90.1032791138
2054.84912109	94.6554870605
2056.26196289	90.2929840088
2057.67504883	96.0768203735
2059.08789063	89.2313766479
2060.50097656	83.9002914429
2061.91381836	90.0380249023
2063.3269043	94.2456512451
2064.73999023	95
2066.15283203	92.2713699341
2067.56591797	86.3868942261
2068.97875977	90.6535797119
2070.3918457	92.0392303467
2071.8046875	91.1003112793
2073.21777344	95.1070175171
2074.63061523	94.6002426147
2076.04370117	89.5885314941
2077.45654297	91.2998504639
2078.86962891	95.9555511475
2080.28271484	94.4553375244
2081.69555664	90.2542037964
2083.10864258	87.8049850464
2084.52148438	90
2085.93457031	90.6729736328
2087.34741211	91.8973388672
2088.76049805	90.202041626
2090.17333984	99.4950180054
2091.58642578	90.9873733521
2092.99926758	90.8949356079
2094.41235352	91.0447921753
2095.82519531	91.8440246582
2097.23828125	89.903137207
2098.65136719	93.7339935303
2100.06420898	90.2610092163
2101.47729492	88.9929962158
2102.89013672	80.1360473633
2104.30322266	92.4253311157
2105.71606445	85.0726852417
2107.12915039	90.7791061401
2108.54199219	90.6022186279
2109.95507813	95.0173110962
2111.36791992	89.2088241577
2112.78100586	89.9880371094
2114.19384766	91.3100280762
2115.60693359	79.7935333252
2117.02001953	78.296875
2118.43286133	79.6725387573
2119.84594727	75.2248916626
2121.25878906	82.6868667603
2122.671875	88.4605636597
2124.0847168	84.4228057861
2125.49780273	82.1887893677
2126.91064453	80.3637313843
2128.32373047	81.2705001831
2129.73657227	84.7612686157
2131.1496582	89.5511245728
2132.5625	87.3750839233
2133.97558594	85.9878997803
2135.38867188	87.114906311
2136.80151367	78.3434371948
2138.21459961	85.3685836792
2139.62744141	83.7434005737
2141.04052734	86.4972991943
2142.45336914	85.2583618164
2143.86645508	91.8600234985
2145.27929688	76.6220932007
2146.69238281	83.4268264771
2148.10522461	90.8278579712
2149.51831055	87.0372009277
2150.93139648	88.8810653687
2152.34423828	78.1657028198
2153.75732422	82.6434783936
2155.17016602	78.2359542847
2156.58325195	81.618888855
2157.99609375	82.7838745117
2159.40917969	83.8471221924
2160.82202148	85.5870742798
2162.23510742	82.6061172485
2163.64794922	82.6839370728
2165.06103516	84.440612793
2166.47387695	84.8857421875
2167.88696289	83.4139022827
2169.30004883	84.3160858154
2170.71289063	78.717666626
2172.12597656	79.2937850952
2173.53881836	78.9238204956
2174.9519043	86.1318054199
2176.36474609	85.4254989624
2177.77783203	79.6223754883
2179.19067383	79.7254943848
2180.60375977	86.0031433105
2182.01660156	86.2414016724
2183.4296875	82.4227523804
2184.8425293	82.4421768188
2186.25561523	82.4642028809
2187.66870117	81.4761199951
2189.08154297	81.3935470581
2190.49462891	83.6392440796
2191.9074707	83.502784729
2193.32055664	79.1045532227
2194.73339844	81.2450332642
2196.14648438	85.5031280518
2197.55932617	81.6061630249
2198.97241211	77.9211654663
2200.38525391	78.0549468994
2201.79833984	83.5761184692
2203.21142578	83.369430542
2204.62426758	81.5216903687
2206.03735352	86.0120010376
2207.45019531	78.2544784546
2208.86328125	84.0143737793
2210.27612305	85.4081802368
2211.68920898	75.5092163086
2213.10205078	79.0356903076
2214.51513672	85.7173919678
2215.92797852	88.8339691162
2217.34106445	81.8991317749
2218.75390625	82.1942977905
2220.16699219	83.8957977295
2221.58007813	84.5117034912
2222.99291992	90.5897140503
2224.40600586	85.6770706177
2225.81884766	79.0290603638
2227.23193359	79.8659362793
2228.64477539	78.9197616577
2230.05786133	83.8507537842
2231.47070313	80.0765762329
2232.88378906	78.9214401245
2234.29663086	80.9062042236
2235.7097168	72.5174407959
2237.12255859	79.4436035156
2238.53564453	82.6513519287
2239.94873047	79.3602752686
2241.36157227	79.7925033569
2242.7746582	79.0023193359
2244.1875	78.013458252
2245.60058594	77.8857421875
2247.01342773	75.3334121704
2248.42651367	76.6620178223
2249.83935547	78.5628967285
2251.25244141	83.8898620605
2252.6652832	79.24949646
2254.07836914	73.8934783936
2255.49121094	85.5966567993
2256.90429688	81.8983535767
2258.31738281	76.8064422607
2259.73022461	82.7318191528
2261.14331055	81.2137832642
2262.55615234	78.431602478
2263.96923828	82.3666763306
2265.38208008	86.1731719971
2266.79516602	84.1650161743
2268.20800781	86.5749282837
2269.62109375	87.9538955688
2271.03393555	86.641494751
2272.44702148	84.0952987671
2273.86010742	91.1207733154
2275.27294922	91.5736465454
2276.68603516	88.3151550293
2278.09887695	91.1141815186
2279.51196289	88.8388366699
2280.92480469	89.5520477295
2282.33789063	95.7759552002
2283.75073242	99.9523620605
2285.16381836	103.640060425
2286.57666016	97.8143692017
2287.98974609	90.1503372192
2289.40258789	94.458656311
2290.81567383	96.739654541
2292.22875977	97.4212265015
2293.64160156	92.8303375244
2295.0546875	99.8691101074
2296.4675293	101.264457703
2297.88061523	96.3097686768
2299.29345703	97.0587539673
2300.70654297	97.5819396973
2302.11938477	96.3249816895
2303.5324707	98.2247772217
2304.9453125	99.5575866699
2306.35839844	97.9437103271
2307.77124023	98.7866897583
2309.18432617	97.076461792
2310.59741211	92.4157562256
2312.01025391	88.3384780884
2313.42333984	88.0821075439
2314.83618164	91.3766860962
2316.24926758	90.7968215942
2317.66210938	90.6287002563
2319.07519531	94.1972122192
2320.48803711	91.2509384155
2321.90112305	89.0606231689
2323.31396484	92.4915771484
2324.72705078	98.464225769
2326.13989258	98.5189590454
2327.55297852	105.618026733
2328.96606445	121.652557373
2330.37890625	123.922340393
2331.79199219	107.974601746
2333.20483398	90.6800765991
2334.61791992	88.6901855469
2336.03076172	91.3281784058
2337.44384766	89.0621185303
2338.85668945	84.9301300049
2340.26977539	86.486038208
2341.68261719	89.7813568115
2343.09570313	86.8108062744
2344.50878906	85.2857284546
2345.92163086	86.3055419922
2347.3347168	85.5274887085
2348.74755859	81.8352966309
2350.16064453	82.0105514526
2351.57348633	85.2620544434
2352.98657227	89.0275726318
2354.39941406	89.3217391968
2355.8125	87.3375396729
2357.2253418	86.7298278809
2358.63842773	91.1375961304
2360.05126953	90.2829208374
2361.46435547	89.542755127
2362.87744141	88.9702606201
2364.2902832	88.6050338745
2365.70336914	86.9573516846
2367.11621094	89.1751251221
2368.52929688	90.7367019653
2369.94213867	90.3014831543
2371.35522461	92.2756881714
2372.76806641	94.9239196777
2374.18115234	96.4010925293
2375.59399414	96.2670211792
2377.00708008	92.5539245605
2378.41992188	89.786819458
2379.83300781	93.577003479
2381.24609375	92.2919921875
2382.65893555	92.5159225464
2384.07202148	96.982635498
2385.48486328	100.139656067
2386.89794922	98.5970687866
2388.31079102	98.0674819946
2389.72387695	95.5155334473
2391.13671875	99.1347503662
2392.54980469	95.4556427002
2393.96264648	95.8917617798
2395.37573242	98.6703186035
2396.78857422	102.673347473
2398.20166016	106.374450684
2399.61474609	100.36113739
2401.02758789	97.4882049561
2402.44067383	101.193817139
2403.85351563	99.5383987427
2405.26660156	99.4346618652
2406.67944336	95.4160614014
2408.0925293	99.8089141846
2409.50537109	97.6260528564
2410.91845703	97.6193313599
2412.33129883	98.1879119873
2413.74438477	100.38822937
2415.1574707	97.3214569092
2416.5703125	100.558502197
2417.98339844	93.710723877
2419.39624023	97.1601333618
2420.80932617	98.0318069458
2422.22216797	97.2338943481
2423.63525391	100.94694519
2425.0480957	98.1360015869
2426.46118164	95.5243225098
2427.87402344	91.7867050171
2429.28710938	103.53793335
2430.69995117	95.0181427002
2432.11303711	96.4885635376
2433.52612305	100.823852539
2434.93896484	102.136222839
2436.35205078	99.4086151123
2437.76489258	99.2272338867
2439.17797852	102.896110535
2440.59082031	100.864738464
2442.00390625	108.875289917
2443.41674805	108.07585144
2444.82983398	107.133972168
2446.24267578	98.0829925537
2447.65576172	108.094673157
2449.06860352	119.159996033
2450.48168945	121.081230164
2451.89477539	122.159622192
2453.30761719	123.257850647
2454.72070313	128.820800781
2456.13354492	130.596298218
2457.54663086	126.40398407
2458.95947266	125.857513428
2460.37255859	122.785652161
2461.78540039	123.70565033
2463.19848633	118.94834137
2464.61132813	121.979682922
2466.02441406	121.182106018
2467.4375	114.169120789
2468.8503418	113.826499939
2470.26342773	110.780822754
2471.67626953	104.928573608
2473.08935547	112.616157532
2474.50219727	114.538040161
2475.9152832	113.37991333
2477.328125	114.647865295
2478.74121094	109.812957764
2480.15405273	110.151672363
2481.56713867	106.632698059
2482.97998047	104.477561951
2484.39306641	107.34677887
2485.80615234	108.593757629
2487.21899414	104.147155762
2488.63208008	103.050331116
2490.04492188	100.349830627
2491.45800781	103.031448364
2492.87084961	101.778327942
2494.28393555	100.6616745
2495.69677734	96.330696106
2497.10986328	102.728599548
2498.52270508	96.7689743042
2499.93579102	94.5763626099
2501.34863281	94.3616714478
2502.76171875	94.3083572388
2504.17480469	98.1392974854
2505.58764648	91.9578552246
2507.00073242	92.2964935303
2508.41357422	98.08959198
2509.82666016	94.8589019775
2511.23950195	91.9726638794
2512.65258789	92.450630188
2514.06542969	89.9001159668
2515.47851563	90.1833953857
2516.89135742	93.2121124268
2518.30444336	92.0142211914
2519.71728516	88.3787231445
2521.13037109	92.6889190674
2522.54345703	91.2800369263
2523.95629883	91.1703643799
2525.36938477	90.3314971924
2526.78222656	86.8338775635
2528.1953125	89.8868484497
2529.6081543	88.571144104
2531.02124023	88.3600997925
2532.43408203	89.6325302124
2533.84716797	88.2349853516
2535.26000977	88.6897888184
2536.6730957	90.1204605103
2538.08618164	89.1697998047
2539.49902344	91.220413208
2540.91210938	88.4511260986
2542.32495117	86.9248733521
2543.73803711	85.943107605
2545.15087891	92.6893157959
2546.56396484	90.4514694214
2547.97680664	93.508140564
2549.38989258	89.9437561035
2550.80273438	89.3639144897
2552.21582031	87.4261245728
2553.62866211	86.7538604736
2555.04174805	87.3654785156
2556.45483398	91.5469207764
2557.86767578	89.916343689
2559.28076172	89.9310379028
2560.69360352	82.8709945679
2562.10668945	86.0133361816
2563.51953125	90.5582199097
2564.93261719	93.502494812
2566.34545898	89.1488952637
2567.75854492	89.0022125244
2569.17138672	92.6900558472
2570.58447266	93.4691848755
2571.99731445	90.3478469849
2573.41040039	88.7507858276
2574.82348633	85.9624633789
2576.23632813	88.3207778931
2577.64941406	92.0431747437
2579.06225586	86.5632400513
2580.4753418	85.6799545288
2581.88818359	91.2731399536
2583.30126953	92.9258956909
2584.71411133	88.3886795044
2586.12719727	89.7740936279
2587.54003906	90.7729415894
2588.953125	95.1588897705
2590.3659668	87.099822998
2591.77905273	87.844619751
2593.19213867	84.8128738403
2594.60498047	91.62525177
2596.01806641	91.3441467285
2597.4309082	91.635635376
2598.84399414	89.0303039551
2600.25683594	91.8010864258
2601.66992188	93.8682937622
2603.08276367	91.9985733032
2604.49584961	93.6915740967
2605.90869141	96.0717315674
2607.32177734	94.8571090698
2608.73486328	92.3026046753
2610.14770508	98.2579193115
2611.56079102	102.050857544
2612.97363281	99.1492462158
2614.38671875	96.1111373901
2615.79956055	96.1105804443
2617.21264648	103.150985718
2618.62548828	103.403442383
2620.03857422	104.184272766
2621.45141602	108.609024048
2622.86450195	109.560638428
2624.27734375	111.951942444
2625.69042969	113.278823853
2627.10351563	115.001426697
2628.51635742	119.79901123
2629.92944336	121.767410278
2631.34228516	118.106208801
2632.75537109	127.101158142
2634.16821289	125.818580627
2635.58129883	124.595230103
2636.99414063	144.506057739
2638.40722656	139.344116211
2639.82006836	154.054672241
2641.2331543	148.422302246
2642.64599609	169.561157227
2644.05908203	182.195724487
2645.47216797	182.648345947
2646.88500977	194.274841309
2648.2980957	211.768798828
2649.7109375	218.545700073
2651.12402344	238.144012451
2652.53686523	253.813247681
2653.94995117	273.050964355
2655.36279297	309.664001465
2656.77587891	319.458496094
2658.1887207	342.704620361
2659.60180664	382.177215576
2661.01489258	425.798156738
2662.42773438	479.171600342
2663.84082031	505.853271484
2665.25366211	545.687561035
2666.66674805	592.014648438
2668.07958984	675.804992676
2669.49267578	745.873596191
2670.90551758	767.672790527
2672.31860352	843.830810547
2673.73144531	892.967163086
2675.14453125	929.419128418
2676.55737305	959.137451172
2677.97045898	975.689758301
2679.38354492	982.922607422
2680.79638672	985.195983887
2682.20947266	961.599060059
2683.62231445	900.618225098
2685.03540039	855.547973633
2686.44824219	813.04510498
2687.86132813	765.976318359
2689.27416992	705.363220215
2690.68725586	647.979553223
2692.10009766	583.473693848
2693.51318359	503.387786865
2694.92602539	474.488372803
2696.33911133	417.498352051
2697.75219727	389.400177002
2699.16503906	359.025604248
2700.578125	334.629852295
2701.9909668	309.010559082
2703.40405273	270.758056641
2704.81689453	252.613220215
2706.22998047	239.577194214
2707.64282227	222.580032349
2709.0559082	214.537033081
2710.46875	190.552322388
2711.88183594	185.508666992
2713.29467773	173.613342285
2714.70776367	160.738113403
2716.12084961	151.328140259
2717.53369141	144.905990601
2718.94677734	150.525375366
2720.35961914	147.101913452
2721.77270508	132.279602051
2723.18554688	129.679733276
2724.59863281	135.554962158
2726.01147461	129.609817505
2727.42456055	120.872146606
2728.83740234	117.56035614
2730.25048828	122.532463074
2731.66357422	117.908363342
2733.07641602	99.4636993408
2734.48950195	105.490562439
2735.90234375	110.515716553
2737.31542969	106.19960022
2738.72827148	106.408325195
2740.14135742	102.274467468
2741.55419922	106.400939941
2742.96728516	107.541618347
2744.38012695	98.311088562
2745.79321289	95.6457672119
2747.20605469	94.7713317871
2748.61914063	95.8351821899
2750.03222656	97.0372314453
2751.44506836	95.5270843506
2752.8581543	100.622138977
2754.27099609	101.184501648
2755.68408203	96.0084075928
2757.09692383	91.0064926147
2758.51000977	99.554397583
2759.92285156	86.1093978882
2761.3359375	92.8225326538
2762.7487793	91.1391372681
2764.16186523	91.794342041
2765.57470703	87.9604187012
2766.98779297	90.7602615356
2768.40087891	93.7578887939
2769.8137207	92.5267868042
2771.22680664	88.4639511108
2772.63964844	89.3243713379
2774.05273438	94.5569458008
2775.46557617	93.2546691895
2776.87866211	90.3921279907
2778.29150391	96.815322876
2779.70458984	88.0853500366
2781.11743164	83.3821411133
2782.53051758	88.4033126831
2783.94335938	91.748008728
2785.35644531	85.3449859619
2786.76953125	82.7188873291
2788.18237305	80.2867660522
2789.59545898	87.7700881958
2791.00830078	84.9443206787
2792.42138672	92.6381988525
2793.83422852	90.2600784302
2795.24731445	89.5948562622
2796.66015625	88.0600357056
2798.07324219	86.4161682129
2799.48608398	91.3508453369
2800.89916992	91.264831543
2802.31225586	92.2565383911
2803.72509766	88.3243865967
2805.13818359	90.71900177
2806.55102539	85.5779953003
2807.96411133	81.9549789429
2809.37695313	85.6973190308
2810.79003906	88.0518035889
2812.20288086	84.2295379639
2813.6159668	88.3842544556
2815.02880859	91.2690582275
2816.44189453	90.4403305054
2817.85473633	85.3518753052
2819.26782227	84.1358261108
2820.6809082	82.2297058105
2822.09375	89.7024230957
2823.50683594	80.1735610962
2824.91967773	83.8510360718
2826.33276367	84.0083007813
2827.74560547	87.724899292
2829.15869141	80.6277236938
2830.5715332	82.2143554688
2831.98461914	92.5689697266
2833.39746094	79.688621521
2834.81054688	85.2226257324
2836.22338867	88.7632904053
2837.63647461	85.2013473511
2839.04956055	84.7732849121
2840.46240234	81.7799224854
2841.87548828	81.2594604492
2843.28833008	81.0807952881
2844.70141602	84.3285751343
2846.11425781	84.2719726563
2847.52734375	81.6117172241
2848.94018555	80.290763855
2850.35327148	84.2176818848
2851.76611328	87.6459655762
2853.17919922	86.3718185425
2854.59228516	83.2956008911
2856.00512695	83.6457748413
2857.41821289	83.9079589844
2858.83105469	87.4794998169
2860.24414063	89.2256011963
2861.65698242	85.558052063
2863.07006836	82.1936569214
2864.48291016	85.2935714722
2865.89599609	84.3734436035
2867.30883789	87.3962249756
2868.72192383	84.0720291138
2870.13476563	89.2278594971
2871.54785156	89.3348083496
2872.9609375	85.6423950195
2874.3737793	85.1203842163
2875.78686523	85.6278762817
2877.19970703	85.5404052734
2878.61279297	83.1739044189
2880.02563477	86.4127426147
2881.4387207	81.138092041
2882.8515625	83.9147109985
2884.26464844	86.2577438354
2885.67749023	86.5634155273
2887.09057617	88.1762619019
2888.50341797	86.840675354
2889.91650391	86.6385498047
2891.32958984	84.8835754395
2892.74243164	75.1216125488
2894.15551758	87.8205184937
2895.56835938	74.7064285278
2896.98144531	81.9791030884
2898.39428711	78.988067627
2899.80737305	85.8538131714
2901.22021484	84.6457748413
2902.63330078	83.6612014771
2904.04614258	84.6481628418
2905.45922852	86.2693939209
2906.87207031	81.4720993042
2908.28515625	84.815612793
2909.69824219	88.3444747925
2911.11108398	87.8722000122
2912.52416992	89.3432617188
2913.93701172	85.4689331055
2915.35009766	92.1087417603
2916.76293945	84.1592636108
2918.17602539	85.6950683594
2919.58886719	90.7417602539
2921.00195313	85.8318557739
2922.41479492	81.4467697144
2923.82788086	82.2704696655
2925.2409668	81.5166778564
2926.65380859	83.5860061646
2928.06689453	89.5469818115
2929.47973633	89.9956512451
2930.89282227	91.7253036499
2932.30566406	89.8482437134
2933.71875	84.6655349731
2935.1315918	76.7891921997
2936.54467773	85.5058441162
2937.95751953	86.2579421997
2939.37060547	83.6531143188
2940.78344727	90.2696304321
2942.1965332	91.059135437
2943.60961914	84.5714874268
2945.02246094	84.4562911987
2946.43554688	85.7844238281
2947.84838867	85.2319107056
2949.26147461	84.2524490356
2950.67431641	82.72215271
2952.08740234	94.4449768066
2953.50024414	87.5882949829
2954.91333008	85.5981750488
2956.32617188	79.3919448853
2957.73925781	82.4286880493
2959.15209961	87.2875671387
2960.56518555	90.4592285156
2961.97827148	87.8566970825
2963.39111328	89.0527648926
2964.80419922	88.8291015625
2966.21704102	77.9625549316
2967.63012695	84.4828567505
2969.04296875	87.6576461792
2970.45605469	88.4056091309
2971.86889648	83.5256500244
2973.28198242	76.1104125977
2974.69482422	90.0306091309
2976.10791016	90.6976013184
2977.52075195	89.4213562012
2978.93383789	87.0500411987
2980.34692383	76.441696167
2981.75976563	79.1633682251
2983.17285156	83.6829376221
2984.58569336	82.7355270386
2985.9987793	85.1965637207
2987.41162109	87.7355957031
2988.82470703	82.4855041504
2990.23754883	77.3260955811
2991.65063477	86.8209381104
2993.06347656	85.0816421509
2994.4765625	80.7332382202
2995.88964844	86.0483627319
2997.30249023	80.4607620239
2998.71557617	82.6534881592
3000.12841797	85.0122833252
3001.54150391	83.1619491577
3002.9543457	86.5769729614
3004.36743164	81.2242507935
3005.78027344	92.0304107666
3007.19335938	88.6321716309
3008.60620117	86.4884719849
3010.01928711	84.5832595825
3011.43212891	79.846572876
3012.84521484	87.6028747559
3014.25830078	82.2977218628
3015.67114258	80.9264450073
3017.08422852	85.9152908325
3018.49707031	80.0355987549
3019.91015625	87.0871582031
3021.32299805	82.7263793945
3022.73608398	81.4049911499
3024.14892578	86.3577194214
3025.56201172	86.3703231812
3026.97485352	81.9526672363
3028.38793945	86.9879989624
3029.80078125	91.6787185669
3031.21386719	89.5077667236
3032.62695313	92.5169296265
3034.03979492	86.8384399414
3035.45288086	88.7827758789
3036.86572266	81.8456115723
3038.27880859	83.6271209717
3039.69165039	84.5624771118
3041.10473633	87.1203765869
3042.51757813	82.5205764771
3043.93066406	80.3555450439
3045.34350586	83.8593826294
3046.7565918	85.5437088013
3048.16967773	75.1948165894
3049.58251953	83.5995178223
3050.99560547	84.1275863647
3052.40844727	87.9439239502
3053.8215332	85.9430236816
3055.234375	86.806854248
3056.64746094	87.5556411743
3058.06030273	85.4843521118
3059.47338867	78.585105896
3060.88623047	84.3350753784
3062.29931641	87.5460891724
3063.7121582	85.9315872192
3065.12524414	83.2779464722
3066.53833008	88.6669235229
3067.95117188	84.2989807129
3069.36425781	85.7279891968
3070.77709961	84.9811325073
3072.19018555	82.8198623657
3073.60302734	84.456489563
3075.01611328	84.7262496948
3076.42895508	84.6457748413
3077.84204102	82.1203765869
3079.25488281	81.6760253906
3080.66796875	79.7825164795
3082.08081055	84.9543457031
3083.49389648	85.2863082886
3084.90698242	83.7017593384
3086.31982422	83.8654556274
3087.73291016	83.8482589722
3089.14575195	82.4631347656
3090.55883789	82.6087112427
3091.97167969	91.0751113892
3093.38476563	88.721862793
3094.79760742	82.8792724609
3096.21069336	83.6457672119
3097.62353516	81.6680374146
3099.03662109	84.2558135986
3100.44946289	88.00440979
3101.86254883	84.6699829102
3103.27563477	85.3391342163
3104.68847656	87.544593811
3106.1015625	85.2778930664
3107.5144043	79.1135177612
3108.92749023	82.6842651367
3110.34033203	86.0099487305
3111.75341797	87.804107666
3113.16625977	81.983757019
3114.5793457	78.6750411987
3115.9921875	79.6457672119
3117.40527344	84.9654464722
3118.81835938	90.6036605835
3120.23120117	80.5155715942
3121.64428711	88.5396652222
3123.05712891	90.2751617432
3124.47021484	92.8522338867
3125.88305664	91.2063293457
3127.29614258	91.0641403198
3128.70898438	83.9052963257
3130.12207031	80.3641967773
3131.53491211	89.5890884399
3132.94799805	87.1485900879
3134.36083984	86.9129180908
3135.77392578	84.466178894
3137.18701172	85.1034698486
3138.59985352	84.259765625
3140.01293945	87.7406845093
3141.42578125	92.4055099487
3142.83886719	79.2391738892
3144.25170898	86.1940841675
3145.66479492	83.4283065796
3147.07763672	92.4666824341
3148.49072266	87.7345657349
3149.90356445	94.2154464722
3151.31665039	89.7752838135
3152.72949219	89.0757141113
3154.14257813	86.6779632568
3155.55566406	85.919303894
3156.96850586	91.1500473022
3158.3815918	93.4780960083
3159.79443359	85.9741592407
3161.20751953	88.7365112305
3162.62036133	88.6792373657
3164.03344727	83.9628982544
3165.44628906	84.385093689
3166.859375	87.0302886963
3168.2722168	83.2008056641
3169.68530273	89.9442901611
3171.09814453	83.1806335449
3172.51123047	85.6270980835
3173.92431641	88.5109405518
3175.3371582	88.3149795532
3176.75024414	86.4552383423
3178.16308594	85.9164352417
3179.57617188	87.8330154419
3180.98901367	87.7277374268
3182.40209961	88.5870437622
3183.81494141	89.5171356201
3185.22802734	95.178527832
3186.64086914	91.2197723389
3188.05395508	92.6457672119
3189.46704102	91.6086883545
3190.87988281	89.0437469482
3192.29296875	80.2546386719
3193.70581055	91.0752182007
3195.11889648	88.718711853
3196.53173828	87.7945404053
3197.94482422	87.0554962158
3199.35766602	82.6578826904
3200.77075195	82.7632446289
3202.18359375	85.3456497192
3203.59667969	89.2017974854
3205.00952148	91.6773147583
3206.42260742	83.3997955322
3207.83569336	88.0127105713
3209.24853516	85.3207855225
3210.66162109	85.1862106323
3212.07446289	87.7305374146
3213.48754883	86.9318161011
3214.90039063	89.7353820801
3216.31347656	87.6073226929
3217.72631836	86.6457672119
3219.1394043	84.6466522217
3220.55224609	87.6457748413
3221.96533203	86.4421234131
3223.37817383	86.2627487183
3224.79125977	89.0110168457
3226.2043457	88.1431121826
3227.6171875	94.1331176758
3229.03027344	96.4937667847
3230.44311523	93.7353363037
3231.85620117	92.1075820923
3233.26904297	96.6457672119
3234.68212891	97.8189849854
3236.0949707	96.2180633545
3237.50805664	100.400627136
3238.92089844	105.938819885
3240.33398438	114.343894958
3241.74707031	125.208503723
3243.15991211	121.135002136
3244.57299805	136.866439819
3245.98583984	146.74822998
3247.39892578	142.273132324
3248.81176758	151.42364502
3250.22485352	166.803268433
3251.63769531	156.10697937
3253.05078125	147.383392334
3254.46362305	145.44758606
3255.87670898	125.441963196
3257.28955078	118.710678101
3258.70263672	105.278312683
3260.11572266	103.645767212
3261.52856445	101.14263916
3262.94165039	99.2836151123
3264.35449219	89.9892883301
3265.76757813	98.0751190186
3267.18041992	86.1085128784
3268.59350586	82.5461502075
3270.00634766	90.3943862915
3271.41943359	92.1023483276
3272.83227539	89.388053894
3274.24536133	86.9901809692
3275.65820313	93.5713806152
3277.07128906	85.6004638672
3278.484375	91.0250167847
3279.8972168	86.6971435547
3281.31030273	93.2378158569
3282.72314453	93.5416030884
3284.13623047	82.5546340942
3285.54907227	88.2117919922
3286.9621582	94.1358108521
3288.375	93.8404846191
3289.78808594	90.076423645
3291.20092773	90.4953536987
3292.61401367	85.4695739746
3294.02685547	87.9769210815
3295.43994141	89.0080947876
3296.85302734	90.5489654541
3298.26586914	88.3943023682
3299.67895508	86.9479217529
3301.09179688	89.7155609131
3302.50488281	86.8562164307
3303.91772461	85.4749908447
3305.33081055	87.8680496216
3306.74365234	90.0033569336
3308.15673828	85.8664016724
3309.56958008	74.2907943726
3310.98266602	86.5423355103
3312.39575195	83.491355896
3313.80859375	85.3392791748
3315.22167969	85.1935195923
3316.63452148	90.6879425049
3318.04760742	91.6457672119
3319.46044922	94.237663269
3320.87353516	85.7748184204
3322.28637695	85.756111145
3323.69946289	85.6197738647
3325.11230469	84.9320755005
3326.52539063	89.5486679077
3327.93823242	87.4126052856
3329.35131836	88.3131561279
3330.7644043	92.6085510254
3332.17724609	90.8653030396
3333.59033203	81.4622879028
3335.00317383	86.8669815063
3336.41625977	86.4111022949
3337.82910156	88.2965393066
3339.2421875	79.9095306396
3340.6550293	90.958114624
3342.06811523	90.7222824097
3343.48095703	91.6795806885
3344.89404297	87.0539779663
3346.30688477	88.8207855225
3347.7199707	90.1936721802
3349.13305664	95.6381225586
3350.54589844	90.0726470947
3351.95898438	89.3798446655
3353.37182617	85.1609954834
3354.78491211	91.2108612061
3356.19775391	88.818069458
3357.61083984	91.4440307617
3359.02368164	91.6500549316
3360.43676758	88.6538085938
3361.84960938	90.1883087158
3363.26269531	87.0157623291
3364.67553711	88.2268066406
3366.08862305	85.3774642944
3367.50170898	86.3405914307
3368.91455078	87.6366729736
3370.32763672	95.1912307739
3371.74047852	92.5782470703
3373.15356445	83.7995071411
3374.56640625	86.8887023926
3375.97949219	90.4946746826
3377.39233398	92.7671966553
3378.80541992	87.1262817383
3380.21826172	89.4202423096
3381.63134766	87.3917007446
3383.04443359	90.2569885254
3384.45727539	92.325553894
3385.87036133	90.7257614136
3387.28320313	88.0673599243
3388.69628906	94.5446014404
3390.10913086	90.6457672119
3391.5222168	90.1589202881
3392.93505859	87.9648895264
3394.34814453	86.0308456421
3395.76098633	87.9335403442
3397.17407227	95.9290008545
3398.58691406	94.2644424438
3400	86.6714248657
