1200	929.94140625
1201.41296387	915.076416016
1202.82592773	908.946594238
1204.2388916	894.429260254
1205.65185547	910.417541504
1207.06481934	906.063842773
1208.4777832	869.642150879
1209.89086914	887.660522461
1211.30383301	837.921875
1212.71679688	820.733581543
1214.12976074	838.921508789
1215.54272461	822.938720703
1216.95568848	806.297058105
1218.36865234	750.822753906
1219.78161621	787.725402832
1221.19458008	781.045593262
1222.60754395	774.057556152
1224.02050781	755.014160156
1225.43347168	726.693908691
1226.84655762	719.133300781
1228.25952148	730.428039551
1229.67248535	699.03729248
1231.08544922	682.118713379
1232.49841309	677.522277832
1233.91137695	673.68347168
1235.32434082	658.906188965
1236.73730469	647.533325195
1238.15026855	659.517578125
1239.56323242	659.722106934
1240.97619629	616.890991211
1242.38916016	660.391845703
1243.80212402	656.148498535
1245.21520996	630.401550293
1246.62817383	618.708679199
1248.0411377	623.58392334
1249.45410156	627.607727051
1250.86706543	640.587036133
1252.2800293	639.711853027
1253.69299316	622.194519043
1255.10595703	603.181152344
1256.5189209	580.235412598
1257.93188477	559.451843262
1259.34484863	539.563781738
1260.7578125	519.658874512
1262.17089844	531.951049805
1263.5838623	519.131164551
1264.99682617	518.799133301
1266.40979004	505.909881592
1267.82275391	512.336608887
1269.23571777	511.034881592
1270.64868164	498.500732422
1272.06164551	505.115478516
1273.47460938	505.567932129
1274.88757324	504.690460205
1276.30053711	502.18081665
1277.71350098	516.455993652
1279.12646484	502.207397461
1280.53955078	493.374633789
1281.95251465	511.259674072
1283.36547852	527.624328613
1284.77844238	515.92956543
1286.19140625	529.434387207
1287.60437012	524.948364258
1289.01733398	534.091796875
1290.43029785	538.377258301
1291.84326172	531.922302246
1293.25622559	521.894958496
1294.66918945	524.609741211
1296.08215332	548.721740723
1297.49523926	546.635742188
1298.90820313	547.505859375
1300.32116699	556.994018555
1301.73413086	562.312255859
1303.14709473	554.31451416
1304.56005859	547.370239258
1305.97302246	542.624084473
1307.38598633	521.864440918
1308.7989502	513.59387207
1310.21191406	534.183654785
1311.62487793	516.419555664
1313.0378418	509.828826904
1314.45092773	491.238922119
1315.8638916	486.74987793
1317.27685547	497.670166016
1318.68981934	489.988128662
1320.1027832	464.094512939
1321.51574707	464.97668457
1322.92871094	450.079193115
1324.3416748	440.214904785
1325.75463867	416.021057129
1327.16760254	404.014648438
1328.58056641	404.218505859
1329.99353027	404.095001221
1331.40649414	406.843139648
1332.81958008	405.919616699
1334.23254395	404.152770996
1335.64550781	396.427246094
1337.05847168	403.882293701
1338.47143555	406.634399414
1339.88439941	410.228393555
1341.29736328	409.772613525
1342.71032715	396.333251953
1344.12329102	387.717102051
1345.53625488	380.640411377
1346.94921875	381.512176514
1348.36218262	351.921783447
1349.77526855	375.473297119
1351.18823242	389.391906738
1352.60119629	387.054229736
1354.01416016	389.924346924
1355.42712402	397.487487793
1356.84008789	407.215667725
1358.25305176	402.786254883
1359.66601563	416.635406494
1361.07897949	436.805908203
1362.49194336	429.8074646
1363.90490723	431.598876953
1365.31787109	435.546600342
1366.73083496	430.495117188
1368.1439209	440.681976318
1369.55688477	459.203338623
1370.96984863	453.322540283
1372.3828125	468.952606201
1373.79577637	464.72744751
1375.20874023	471.609405518
1376.6217041	481.337921143
1378.03466797	487.741546631
1379.44763184	497.04019165
1380.8605957	515.177246094
1382.27355957	540.936645508
1383.68652344	545.708557129
1385.09960938	557.694946289
1386.51257324	565.07019043
1387.92553711	578.050292969
1389.33850098	600.101928711
1390.75146484	613.674987793
1392.16442871	615.30871582
1393.57739258	626.42010498
1394.99035645	636.582214355
1396.40332031	658.825866699
1397.81628418	638.901000977
1399.22924805	657.48626709
1400.64221191	643.750732422
1402.05517578	622.050720215
1403.46826172	611.001525879
1404.88122559	606.739562988
1406.29418945	603.59564209
1407.70715332	588.028808594
1409.12011719	577.336120605
1410.53308105	574.086547852
1411.94604492	552.747802734
1413.35900879	540.575378418
1414.77197266	551.686157227
1416.18493652	559.026916504
1417.59790039	543.892456055
1419.01086426	517.802185059
1420.4239502	493.063812256
1421.83691406	501.69619751
1423.24987793	517.199523926
1424.6628418	497.671051025
1426.07580566	475.334899902
1427.48876953	480.325164795
1428.9017334	479.743469238
1430.31469727	456.71887207
1431.72766113	434.963470459
1433.140625	429.095581055
1434.55358887	412.191162109
1435.96655273	396.979034424
1437.3795166	386.488922119
1438.79260254	396.331115723
1440.20556641	386.447937012
1441.61853027	366.0050354
1443.03149414	346.09753418
1444.44445801	334.99395752
1445.85742188	339.170318604
1447.27038574	341.980438232
1448.68334961	327.641967773
1450.09631348	309.719085693
1451.50927734	305.255737305
1452.92224121	308.066040039
1454.33520508	314.886383057
1455.74829102	315.742523193
1457.16125488	318.434234619
1458.57421875	324.710418701
1459.98718262	318.228790283
1461.40014648	330.309814453
1462.81311035	347.364837646
1464.22607422	384.844818115
1465.63903809	473.139099121
1467.05200195	576.121948242
1468.46496582	754.224853516
1469.87792969	999.80255127
1471.29089355	1243.34069824
1472.70385742	1454.01843262
1474.11694336	1680.92980957
1475.52990723	1930.47229004
1476.94287109	2127.71948242
1478.35583496	2118.65258789
1479.76879883	2025.80493164
1481.1817627	1968.70556641
1482.59472656	1948.53601074
1484.00769043	1957.81689453
1485.4206543	1975.69006348
1486.83361816	1992.4453125
1488.24658203	2051.14575195
1489.6595459	2118.15771484
1491.07263184	2148.21044922
1492.4855957	2174.25219727
1493.89855957	2276.88745117
1495.31152344	2377.25366211
1496.7244873	2529.7097168
1498.13745117	2716.72265625
1499.55041504	2914.02905273
1500.96337891	3166.19848633
1502.37634277	3518.86791992
1503.78930664	3932.45751953
1505.20227051	4246.69628906
1506.61523438	4577.02978516
1508.02832031	4822.68408203
1509.44128418	5015.94384766
1510.85424805	5257.95849609
1512.26721191	5517.79101563
1513.68017578	5769.28027344
1515.09313965	5945.2421875
1516.50610352	5934.55566406
1517.91906738	5956.86083984
1519.33203125	5858.37695313
1520.74499512	5856.10888672
1522.15795898	5813.52880859
1523.57092285	5755.02978516
1524.98388672	5609.203125
1526.39697266	5474.96337891
1527.80993652	5311.54931641
1529.22290039	5166.80859375
1530.63586426	5183.95751953
1532.04882813	5114.60205078
1533.46179199	5061.22851563
1534.87475586	4992.7734375
1536.28771973	4971.99951172
1537.70068359	4936.57568359
1539.11364746	4877.23583984
1540.52661133	4817.46386719
1541.9395752	4766.57128906
1543.35266113	4656.78466797
1544.765625	4466.43164063
1546.17858887	4257.35742188
1547.59155273	3900.74951172
1549.0045166	3662.64746094
1550.41748047	3404.53491211
1551.83044434	3152.59667969
1553.2434082	2965.63525391
1554.65637207	2820.01660156
1556.06933594	2743.46533203
1557.4822998	2666.03955078
1558.89526367	2560.79248047
1560.30822754	2495.88256836
1561.72131348	2456.0168457
1563.13427734	2359.31616211
1564.54724121	2257.58886719
1565.96020508	2229.76269531
1567.37316895	2239.43847656
1568.78613281	2278.80395508
1570.19909668	2315.52026367
1571.61206055	2346.76757813
1573.02502441	2371.81640625
1574.43798828	2403.39575195
1575.85095215	2421.90551758
1577.26391602	2371.13476563
1578.67700195	2387.32446289
1580.08996582	2371.85595703
1581.50292969	2406.07348633
1582.91589355	2409.19189453
1584.32885742	2344.08227539
1585.74182129	2214.11938477
1587.15478516	2106.13305664
1588.56774902	2004.94763184
1589.98071289	1892.2668457
1591.39367676	1794.0423584
1592.80664063	1708.21105957
1594.21960449	1703.42480469
1595.63256836	1716.49328613
1597.0456543	1704.06762695
1598.45861816	1758.0748291
1599.87158203	1777.68237305
1601.2845459	1873.51513672
1602.69750977	1961.6505127
1604.11047363	2019.91955566
1605.5234375	2031.9564209
1606.93640137	1971.76623535
1608.34936523	1888.8248291
1609.7623291	1849.81018066
1611.17529297	1829.22473145
1612.58825684	1886.49121094
1614.00134277	1833.55383301
1615.41430664	1847.41137695
1616.82727051	1889.53588867
1618.24023438	1989.83862305
1619.65319824	2032.50598145
1621.06616211	1984.00097656
1622.47912598	1925.47265625
1623.89208984	1873.55285645
1625.30505371	1757.94299316
1626.71801758	1654.8182373
1628.13098145	1597.27709961
1629.54394531	1477.04858398
1630.95690918	1368.17016602
1632.36999512	1310.53186035
1633.78295898	1225.29821777
1635.19592285	1171.96008301
1636.60888672	1182.22802734
1638.02185059	1192.59033203
1639.43481445	1150.31774902
1640.84777832	1110.35437012
1642.26074219	1139.46972656
1643.67370605	1147.32470703
1645.08666992	1182.30505371
1646.49963379	1171.28845215
1647.91259766	1196.8137207
1649.32568359	1208.80322266
1650.73864746	1213.53601074
1652.15161133	1191.19274902
1653.5645752	1154.35473633
1654.97753906	1128.02148438
1656.39050293	1087.72045898
1657.8034668	1020.31738281
1659.21643066	976.395202637
1660.62939453	935.719421387
1662.0423584	932.464111328
1663.45532227	986.154602051
1664.86828613	1000.10723877
1666.28125	1052.80810547
1667.69433594	1084.3762207
1669.1072998	1163.80895996
1670.52026367	1256.81555176
1671.93322754	1342.29650879
1673.34619141	1422.80834961
1674.75915527	1527.10290527
1676.17211914	1668.79138184
1677.58508301	1773.9864502
1678.99804688	1873.04553223
1680.41101074	1983.69055176
1681.82397461	2174.84863281
1683.23693848	2396.31323242
1684.65002441	2652.62280273
1686.06298828	2849.25561523
1687.47595215	2965.10766602
1688.88891602	2984.77294922
1690.30187988	2936.88793945
1691.71484375	2840.73632813
1693.12780762	2713.20532227
1694.54077148	2599.00073242
1695.95373535	2500.99731445
1697.36669922	2476.65405273
1698.77966309	2586.06542969
1700.19262695	2637.21630859
1701.60571289	2839.18041992
1703.01867676	3029.64111328
1704.43164063	3131.7265625
1705.84460449	3222.37573242
1707.25756836	3253.54003906
1708.67053223	3250.82104492
1710.08349609	3276.18261719
1711.49645996	3297.15014648
1712.90942383	3267.29199219
1714.3223877	3233.02807617
1715.73535156	3180.27832031
1717.14831543	3102.54125977
1718.5612793	2954.4128418
1719.97436523	2751.73486328
1721.3873291	2643.32568359
1722.80029297	2480.43481445
1724.21325684	2366.53173828
1725.6262207	2272.26342773
1727.03918457	2186.88232422
1728.45214844	2096.93139648
1729.8651123	2030.53820801
1731.27807617	1998.12268066
1732.69104004	1915.38879395
1734.10400391	1870.27709961
1735.51696777	1821.93518066
1736.93005371	1772.57592773
1738.34301758	1759.92907715
1739.75598145	1721.1619873
1741.16894531	1674.80297852
1742.58190918	1600.22387695
1743.99487305	1574.3548584
1745.40783691	1578.59020996
1746.82080078	1553.66564941
1748.23376465	1518.29077148
1749.64672852	1501.90002441
1751.05969238	1490.2911377
1752.47265625	1486.80651855
1753.88562012	1470.94775391
1755.29870605	1464.83972168
1756.71166992	1462.50610352
1758.12463379	1416.58557129
1759.53759766	1413.95227051
1760.95056152	1393.14990234
1762.36352539	1367.95214844
1763.77648926	1374.13806152
1765.18945313	1367.93151855
1766.60241699	1335.34509277
1768.01538086	1333.49780273
1769.42834473	1343.16967773
1770.84130859	1316.43920898
1772.25439453	1304.88098145
1773.6673584	1311.91027832
1775.08032227	1333.48913574
1776.49328613	1288.26672363
1777.90625	1312.50610352
1779.31921387	1280.9942627
1780.73217773	1317.49963379
1782.1451416	1307.47314453
1783.55810547	1277.68640137
1784.97106934	1249.52954102
1786.3840332	1272.9041748
1787.79699707	1280.3828125
1789.20996094	1262.83947754
1790.62304688	1262.29711914
1792.03601074	1260.46716309
1793.44897461	1232.40344238
1794.86193848	1195.53735352
1796.27490234	1270.7454834
1797.68786621	1240.14782715
1799.10083008	1208.37316895
1800.51379395	1229.24658203
1801.92675781	1234.97912598
1803.33972168	1231.94970703
1804.75268555	1252.9005127
1806.16564941	1243.68029785
1807.57873535	1258.48034668
1808.99169922	1253.54284668
1810.40466309	1240.74694824
1811.81762695	1242.96936035
1813.23059082	1221.01184082
1814.64355469	1194.43908691
1816.05651855	1209.07617188
1817.46948242	1213.19335938
1818.88244629	1259.20068359
1820.29541016	1214.07275391
1821.70837402	1226.6027832
1823.12133789	1197.01672363
1824.53430176	1169.99768066
1825.9473877	1198.08422852
1827.36035156	1194.45043945
1828.77331543	1163.18859863
1830.1862793	1162.83081055
1831.59924316	1168.93530273
1833.01220703	1166.80615234
1834.4251709	1169.08325195
1835.83813477	1174.00219727
1837.25109863	1174.38134766
1838.6640625	1159.44921875
1840.07702637	1137.15734863
1841.48999023	1145.38378906
1842.90307617	1168.87329102
1844.31604004	1207.78991699
1845.72900391	1198.3067627
1847.14196777	1203.75769043
1848.55493164	1179.6151123
1849.96789551	1179.29956055
1851.38085938	1137.01208496
1852.79382324	1167.02954102
1854.20678711	1180.68725586
1855.61975098	1172.19580078
1857.03271484	1179.66577148
1858.44567871	1162.41210938
1859.85864258	1136.61022949
1861.27172852	1158.11352539
1862.68469238	1157.63684082
1864.09765625	1127.30090332
1865.51062012	1125.41333008
1866.92358398	1137.62072754
1868.33654785	1162.48193359
1869.74951172	1117.54675293
1871.16247559	1125.35217285
1872.57543945	1120.26623535
1873.98840332	1133.4753418
1875.40136719	1124.92077637
1876.81433105	1110.44067383
1878.22741699	1121.47851563
1879.64038086	1095.81225586
1881.05334473	1087.43212891
1882.46630859	1102.68835449
1883.87927246	1102.44689941
1885.29223633	1094.31811523
1886.7052002	1064.30871582
1888.11816406	1073.57080078
1889.53112793	1049.92529297
1890.9440918	1070.77160645
1892.35705566	1069.12036133
1893.77001953	1071.01672363
1895.1829834	1073.50463867
1896.59606934	1057.77722168
1898.0090332	1043.84411621
1899.42199707	1018.64306641
1900.83496094	1000.7958374
1902.2479248	1013.34490967
1903.66088867	1006.44561768
1905.07385254	1005.54272461
1906.48681641	977.74810791
1907.89978027	973.206115723
1909.31274414	986.868041992
1910.72570801	964.051696777
1912.13867188	945.530700684
1913.55175781	923.82611084
1914.96472168	925.218322754
1916.37768555	881.967468262
1917.79064941	876.386352539
1919.20361328	856.914245605
1920.61657715	825.814208984
1922.02954102	811.57434082
1923.44250488	766.350891113
1924.85546875	733.58996582
1926.26843262	724.645629883
1927.68139648	698.047668457
1929.09436035	650.903503418
1930.50744629	619.793640137
1931.92041016	585.08972168
1933.33337402	527.521972656
1934.74633789	475.995330811
1936.15930176	414.787567139
1937.57226563	353.536865234
1938.98522949	317.129760742
1940.39819336	269.128479004
1941.81115723	231.304321289
1943.22412109	207.749404907
1944.63708496	167.780441284
1946.05004883	156.984176636
1947.4630127	143.361785889
1948.87609863	147.579101563
1950.2890625	146.025848389
1951.70202637	132.884094238
1953.11499023	135.228622437
1954.5279541	129.73008728
1955.94091797	121.465843201
1957.35388184	117.657043457
1958.7668457	117.703857422
1960.17980957	122.358688354
1961.59277344	120.349830627
1963.0057373	112.541809082
1964.41870117	110.381858826
1965.83178711	112.29863739
1967.24475098	109.353996277
1968.65771484	109.464073181
1970.07067871	112.560447693
1971.48364258	105.512992859
1972.89660645	108.128494263
1974.30957031	109.705085754
1975.72253418	108.384017944
1977.13549805	100.776565552
1978.54846191	106.510093689
1979.96142578	104.970062256
1981.37438965	104.014038086
1982.78735352	101.173454285
1984.20043945	100.666160583
1985.61340332	100.946662903
1987.02636719	103.950157166
1988.43933105	105.399604797
1989.85229492	97.16355896
1991.26525879	101.281890869
1992.67822266	103.985710144
1994.09118652	108.05960083
1995.50415039	104.079795837
1996.91711426	100.891937256
1998.33007813	102.347755432
1999.74304199	103.961830139
2001.15612793	103.853668213
2002.5690918	98.8693161011
2003.98205566	97.4982681274
2005.39501953	94.4587173462
2006.8079834	94.7580413818
2008.22094727	100.439178467
2009.63391113	100.284347534
2011.046875	103.452461243
2012.45983887	99.2805023193
2013.87280273	102.929100037
2015.2857666	100.650291443
2016.69873047	102.531005859
2018.11169434	102.967460632
2019.52478027	98.6358108521
2020.93774414	99.3591537476
2022.35070801	92.7666397095
2023.76367188	88.7289352417
2025.17663574	92.7618865967
2026.58959961	93.520690918
2028.00256348	97.5000991821
2029.41552734	100
2030.82849121	100.923828125
2032.24145508	103.217430115
2033.65441895	100.874794006
2035.06738281	98.3661117554
2036.48046875	97.0714645386
2037.89343262	93.7626342773
2039.30639648	94.8719329834
2040.71936035	97.0983963013
2042.13232422	98.5492630005
2043.54528809	88.661567688
2044.95825195	92.7275314331
2046.37121582	95.0333175659
2047.78417969	91.8232498169
2049.19726563	90.347869873
2050.61010742	88.0907211304
2052.02319336	95.6144485474
2053.43603516	95.0073013306
2054.84912109	94.6463928223
2056.26196289	93.710357666
2057.67504883	94.8415603638
2059.08789063	89.0466079712
2060.50097656	92.0786590576
2061.91381836	91.1457977295
2063.3269043	90.6288986206
2064.73999023	89.9136810303
2066.15283203	88.2645874023
2067.56591797	92.8163528442
2068.97875977	86.6283416748
2070.3918457	88.9404067993
2071.8046875	92.6324386597
2073.21777344	91.8435058594
2074.63061523	94.0859451294
2076.04370117	96.250328064
2077.45654297	93.0570755005
2078.86962891	89.3294830322
2080.28271484	89.8543930054
2081.69555664	86.6526184082
2083.10864258	91.2469024658
2084.52148438	98.1095275879
2085.93457031	95.9486541748
2087.34741211	95.5087966919
2088.76049805	89.6923217773
2090.17333984	90.4220352173
2091.58642578	92.6685333252
2092.99926758	89.6483306885
2094.41235352	85.4265975952
2095.82519531	81.8660888672
2097.23828125	92.9010848999
2098.65136719	83.0223617554
2100.06420898	103.151130676
2101.47729492	91.4080886841
2102.89013672	93.4998779297
2104.30322266	88.0764312744
2105.71606445	94.0563278198
2107.12915039	93.2608947754
2108.54199219	84.5384750366
2109.95507813	87.5926132202
2111.36791992	87.5132293701
2112.78100586	83.9186019897
2114.19384766	91.319770813
2115.60693359	95.7689666748
2117.02001953	88.1007003784
2118.43286133	83
2119.84594727	83
2121.25878906	84.3561172485
2122.671875	88.7463531494
2124.0847168	89.0506057739
2125.49780273	86.227684021
2126.91064453	86.5893554688
2128.32373047	84.8457336426
2129.73657227	82.5071716309
2131.1496582	82.2981414795
2132.5625	85.1748886108
2133.97558594	88.0609359741
2135.38867188	85.9480056763
2136.80151367	86.8121261597
2138.21459961	94.3162612915
2139.62744141	87.7451858521
2141.04052734	86.0431365967
2142.45336914	84.0471572876
2143.86645508	89.8781356812
2145.27929688	84.6892318726
2146.69238281	90.7201004028
2148.10522461	78.3012466431
2149.51831055	84.9926834106
2150.93139648	84.6298294067
2152.34423828	85.6034545898
2153.75732422	86.9335632324
2155.17016602	88.859916687
2156.58325195	86.2778930664
2157.99609375	79.8050308228
2159.40917969	85.0395965576
2160.82202148	82.3212051392
2162.23510742	83.2687301636
2163.64794922	87.6198883057
2165.06103516	81.9204864502
2166.47387695	82.7444534302
2167.88696289	84.6379241943
2169.30004883	80.7089691162
2170.71289063	81.5190200806
2172.12597656	78.8341064453
2173.53881836	80.9238433838
2174.9519043	85.5372467041
2176.36474609	83.0849990845
2177.77783203	85.3841629028
2179.19067383	88.62890625
2180.60375977	86.611579895
2182.01660156	86.411567688
2183.4296875	87.62890625
2184.8425293	88.8129653931
2186.25561523	85.0129699707
2187.66870117	76.5633010864
2189.08154297	75.221572876
2190.49462891	80.3990402222
2191.9074707	82.8120574951
2193.32055664	82.4100952148
2194.73339844	81.3893814087
2196.14648438	77.62890625
2197.55932617	79.4485321045
2198.97241211	82.6784744263
2200.38525391	82.1917572021
2201.79833984	81.8716201782
2203.21142578	79.0838623047
2204.62426758	78.4144897461
2206.03735352	82.4315109253
2207.45019531	79.7482070923
2208.86328125	83.498336792
2210.27612305	81.9672927856
2211.68920898	78.4002304077
2213.10205078	80.6469039917
2214.51513672	75.0972442627
2215.92797852	83.7603759766
2217.34106445	84.4380493164
2218.75390625	82.3817901611
2220.16699219	77.8472137451
2221.58007813	86.6564865112
2222.99291992	86.7957458496
2224.40600586	83.7673034668
2225.81884766	86.3336410522
2227.23193359	77.5892868042
2228.64477539	75.6382369995
2230.05786133	76.9904098511
2231.47070313	83.8620452881
2232.88378906	81.7048721313
2234.29663086	80.6732711792
2235.7097168	84.7486877441
2237.12255859	77.5563964844
2238.53564453	80.3341522217
2239.94873047	78.2437438965
2241.36157227	82.1416244507
2242.7746582	71.4722061157
2244.1875	80.4673995972
2245.60058594	83.722869873
2247.01342773	83.1492233276
2248.42651367	85.2086486816
2249.83935547	84.2788772583
2251.25244141	85.6368713379
2252.6652832	79.2335891724
2254.07836914	81.9174728394
2255.49121094	79.8448028564
2256.90429688	74.3249206543
2258.31738281	80.4125747681
2259.73022461	83.6718673706
2261.14331055	80.2421722412
2262.55615234	84.9345626831
2263.96923828	87.7328643799
2265.38208008	86.5512237549
2266.79516602	77.2370681763
2268.20800781	81.5088653564
2269.62109375	83.3494415283
2271.03393555	83.3286056519
2272.44702148	87.8685455322
2273.86010742	90.3978729248
2275.27294922	89.3733901978
2276.68603516	84.0604934692
2278.09887695	84.458656311
2279.51196289	90.0223464966
2280.92480469	90.828453064
2282.33789063	90.282951355
2283.75073242	90.1628570557
2285.16381836	90.5222091675
2286.57666016	90.5677337646
2287.98974609	93.5271224976
2289.40258789	95.1875686646
2290.81567383	95.3472290039
2292.22875977	96.0055999756
2293.64160156	93.9913864136
2295.0546875	96.0189971924
2296.4675293	98.9482498169
2297.88061523	98.1072158813
2299.29345703	101.208145142
2300.70654297	102.746398926
2302.11938477	100.483390808
2303.5324707	101.736579895
2304.9453125	102.584495544
2306.35839844	99.7215042114
2307.77124023	100.316757202
2309.18432617	99.334022522
2310.59741211	98.0492630005
2312.01025391	97.9197921753
2313.42333984	94.6200332642
2314.83618164	94.2601776123
2316.24926758	98.4968109131
2317.66210938	99.7465820313
2319.07519531	92.6569290161
2320.48803711	91.8424301147
2321.90112305	95.8362350464
2323.31396484	92.9402770996
2324.72705078	90.9193267822
2326.13989258	96.651473999
2327.55297852	105.809005737
2328.96606445	114.46244812
2330.37890625	110.940483093
2331.79199219	103.557701111
2333.20483398	97.2159042358
2334.61791992	88.0025558472
2336.03076172	87.9144210815
2337.44384766	94.0362091064
2338.85668945	91.4128189087
2340.26977539	89.4273834229
2341.68261719	89.2832260132
2343.09570313	91.9257736206
2344.50878906	89.0258865356
2345.92163086	85.2407836914
2347.3347168	87.9718475342
2348.74755859	87.1665725708
2350.16064453	86.0136108398
2351.57348633	87.3620147705
2352.98657227	88.2730560303
2354.39941406	89.6017227173
2355.8125	87.7012557983
2357.2253418	89.6576385498
2358.63842773	85.4007720947
2360.05126953	82.0405044556
2361.46435547	82.811706543
2362.87744141	84.1760025024
2364.2902832	87.4968643188
2365.70336914	89.8482208252
2367.11621094	91.0335922241
2368.52929688	89.1749038696
2369.94213867	89.3287353516
2371.35522461	87.5718383789
2372.76806641	91.4644699097
2374.18115234	90.5538406372
2375.59399414	91.3472366333
2377.00708008	92.2867736816
2378.41992188	92.782989502
2379.83300781	90.6014862061
2381.24609375	90.2474899292
2382.65893555	93.7867660522
2384.07202148	94.9407119751
2385.48486328	99.8200378418
2386.89794922	100.494316101
2388.31079102	98.5076217651
2389.72387695	97.0729446411
2391.13671875	91.691444397
2392.54980469	96.2549514771
2393.96264648	90.6181640625
2395.37573242	93.9583282471
2396.78857422	96.4178543091
2398.20166016	98.7680740356
2399.61474609	97.3258743286
2401.02758789	99.6841583252
2402.44067383	96.0729751587
2403.85351563	95.8484191895
2405.26660156	95.8850250244
2406.67944336	96.3839569092
2408.0925293	93.9201278687
2409.50537109	95.6747131348
2410.91845703	89.9700393677
2412.33129883	92.1042404175
2413.74438477	93.0392608643
2415.1574707	93.0861740112
2416.5703125	93.2208175659
2417.98339844	95.9588775635
2419.39624023	92.0589294434
2420.80932617	90.6970291138
2422.22216797	91.2884750366
2423.63525391	94.8715896606
2425.0480957	93.21068573
2426.46118164	91.0729904175
2427.87402344	89.3931655884
2429.28710938	91.6200256348
2430.69995117	93.7402114868
2432.11303711	89.1550674438
2433.52612305	94.7087554932
2434.93896484	97.903968811
2436.35205078	94.6471481323
2437.76489258	97.6589736938
2439.17797852	99.8695449829
2440.59082031	99.9500732422
2442.00390625	93.6499328613
2443.41674805	95.2072372437
2444.82983398	93.6212692261
2446.24267578	99.3574523926
2447.65576172	94.737953186
2449.06860352	99.8011016846
2450.48168945	103.544387817
2451.89477539	98.9994430542
2453.30761719	107.255073547
2454.72070313	105.303253174
2456.13354492	105.944465637
2457.54663086	101.623435974
2458.95947266	101.7579422
2460.37255859	101.655632019
2461.78540039	110.415725708
2463.19848633	109.711143494
2464.61132813	105.795135498
2466.02441406	94.4898071289
2467.4375	98.2843551636
2468.8503418	101.082839966
2470.26342773	99.2194290161
2471.67626953	98.1307907104
2473.08935547	100.002464294
2474.50219727	101.018745422
2475.9152832	97.2925796509
2477.328125	97.6298217773
2478.74121094	96.6278991699
2480.15405273	96.2763442993
2481.56713867	96.5155410767
2482.97998047	96.3858947754
2484.39306641	93.9704055786
2485.80615234	88.9672546387
2487.21899414	88.8719482422
2488.63208008	87.3102340698
2490.04492188	90.2150878906
2491.45800781	93.7075271606
2492.87084961	91.7576217651
2494.28393555	87.7833480835
2495.69677734	89.0150604248
2497.10986328	88.1249389648
2498.52270508	86.7349472046
2499.93579102	91.3661727905
2501.34863281	92.3215103149
2502.76171875	88.3847198486
2504.17480469	91.2531738281
2505.58764648	89.5086898804
2507.00073242	87.2014923096
2508.41357422	83.6808013916
2509.82666016	88.231300354
2511.23950195	90.4682388306
2512.65258789	88.9775085449
2514.06542969	85.9343719482
2515.47851563	90.1090316772
2516.89135742	88.4875030518
2518.30444336	85.6576690674
2519.71728516	84.3513641357
2521.13037109	84.9120407104
2522.54345703	84.7465057373
2523.95629883	84.4967346191
2525.36938477	88.8994750977
2526.78222656	86.1761474609
2528.1953125	85.4253234863
2529.6081543	83.1543960571
2531.02124023	78.9150085449
2532.43408203	83.5775756836
2533.84716797	84.3045578003
2535.26000977	85.5713882446
2536.6730957	81.6748352051
2538.08618164	83.0609741211
2539.49902344	82.0010147095
2540.91210938	77.4292297363
2542.32495117	82.450340271
2543.73803711	83.3693237305
2545.15087891	76.7684249878
2546.56396484	85.3805923462
2547.97680664	84.2291488647
2549.38989258	83.6009597778
2550.80273438	84.7983093262
2552.21582031	80.6343231201
2553.62866211	78.5584869385
2555.04174805	82.3763656616
2556.45483398	84.6567611694
2557.86767578	79.520111084
2559.28076172	80.9272384644
2560.69360352	84.0989761353
2562.10668945	83.1042327881
2563.51953125	81.2423706055
2564.93261719	83.5217514038
2566.34545898	83.1194229126
2567.75854492	83.171913147
2569.17138672	79.405708313
2570.58447266	84.5824890137
2571.99731445	80.0123596191
2573.41040039	77.8178787231
2574.82348633	75.7609634399
2576.23632813	80.2334899902
2577.64941406	84.2664718628
2579.06225586	84.7365646362
2580.4753418	82.4116744995
2581.88818359	81.2738647461
2583.30126953	79.4430618286
2584.71411133	82.7854156494
2586.12719727	85.2330169678
2587.54003906	80.2774429321
2588.953125	81.6071395874
2590.3659668	84.7557754517
2591.77905273	83.122253418
2593.19213867	83.9129943848
2594.60498047	86.3871459961
2596.01806641	75.7652664185
2597.4309082	81.5246810913
2598.84399414	83.2835769653
2600.25683594	87.9088363647
2601.66992188	85.5981521606
2603.08276367	82.6424713135
2604.49584961	80.9007720947
2605.90869141	81.8418426514
2607.32177734	86.2060012817
2608.73486328	84.132598877
2610.14770508	85.0473937988
2611.56079102	83.925994873
2612.97363281	85.2192687988
2614.38671875	82.5253677368
2615.79956055	85.5180664063
2617.21264648	86.6267318726
2618.62548828	89.7037734985
2620.03857422	88.7771453857
2621.45141602	86.5947341919
2622.86450195	88.8845825195
2624.27734375	90.6477279663
2625.69042969	93.5781478882
2627.10351563	94.6691741943
2628.51635742	92.6762390137
2629.92944336	91.0665130615
2631.34228516	93.4956817627
2632.75537109	101.527435303
2634.16821289	102.569595337
2635.58129883	96.0562362671
2636.99414063	98.2670440674
2638.40722656	106.751983643
2639.82006836	107.873680115
2641.2331543	110.055107117
2642.64599609	110.884384155
2644.05908203	118.763267517
2645.47216797	121.611557007
2646.88500977	125.065315247
2648.2980957	129.340255737
2649.7109375	138.942382813
2651.12402344	143.803878784
2652.53686523	158.11277771
2653.94995117	167.018981934
2655.36279297	172.710403442
2656.77587891	182.65612793
2658.1887207	190.409606934
2659.60180664	197.400756836
2661.01489258	221.829727173
2662.42773438	244.689620972
2663.84082031	263.575256348
2665.25366211	276.624755859
2666.66674805	308.463684082
2668.07958984	352.266906738
2669.49267578	380.703399658
2670.90551758	388.99029541
2672.31860352	416.966705322
2673.73144531	475.689331055
2675.14453125	484.364532471
2676.55737305	488.409729004
2677.97045898	506.270599365
2679.38354492	530.421264648
2680.79638672	515.127380371
2682.20947266	512.180969238
2683.62231445	481.616516113
2685.03540039	471.657470703
2686.44824219	456.773223877
2687.86132813	423.230651855
2689.27416992	389.663757324
2690.68725586	370.515899658
2692.10009766	354.006591797
2693.51318359	327.339050293
2694.92602539	299.918121338
2696.33911133	273.591888428
2697.75219727	244.426925659
2699.16503906	219.614105225
2700.578125	212.607955933
2701.9909668	179.636367798
2703.40405273	174.811096191
2704.81689453	166.928787231
2706.22998047	150.5493927
2707.64282227	143.536239624
2709.0559082	142.075485229
2710.46875	135.890213013
2711.88183594	126.583259583
2713.29467773	126.616729736
2714.70776367	123.030822754
2716.12084961	113.885231018
2717.53369141	111.805618286
2718.94677734	111.49772644
2720.35961914	108.690979004
2721.77270508	106.184577942
2723.18554688	99.4039611816
2724.59863281	97.4178009033
2726.01147461	90.7190856934
2727.42456055	96.847076416
2728.83740234	102.143989563
2730.25048828	95.1450653076
2731.66357422	87.462020874
2733.07641602	85.648399353
2734.48950195	82.6777267456
2735.90234375	95.2144012451
2737.31542969	82.171295166
2738.72827148	89.2615890503
2740.14135742	92.3081588745
2741.55419922	85.4159317017
2742.96728516	82.9857025146
2744.38012695	86.5747299194
2745.79321289	85.4187011719
2747.20605469	84.886390686
2748.61914063	82.1710739136
2750.03222656	83.5320281982
2751.44506836	85.608253479
2752.8581543	83.5747299194
2754.27099609	87.0654983521
2755.68408203	88.6062698364
2757.09692383	82.9536209106
2758.51000977	76.4649124146
2759.92285156	83.7788848877
2761.3359375	88.4341506958
2762.7487793	82.5747299194
2764.16186523	82.7933273315
2765.57470703	84.8118133545
2766.98779297	79.3932189941
2768.40087891	77.6298370361
2769.8137207	77.7889251709
2771.22680664	83.1796264648
2772.63964844	80.1800460815
2774.05273438	83.507232666
2775.46557617	85.6196136475
2776.87866211	82.623008728
2778.29150391	78.3689651489
2779.70458984	74.8966217041
2781.11743164	83.1586456299
2782.53051758	81.8171844482
2783.94335938	81.4242553711
2785.35644531	80.7063369751
2786.76953125	82.5436019897
2788.18237305	79.6163253784
2789.59545898	81.4964447021
2791.00830078	79.8952102661
2792.42138672	76.7776412964
2793.83422852	80.3104858398
2795.24731445	76.5747299194
2796.66015625	73.6351165771
2798.07324219	76.3007202148
2799.48608398	84.6462402344
2800.89916992	82.0699005127
2802.31225586	77.3751602173
2803.72509766	78.6077651978
2805.13818359	82.0357818604
2806.55102539	79.4664764404
2807.96411133	86.2252807617
2809.37695313	80.3350753784
2810.79003906	80.5809936523
2812.20288086	76.7930297852
2813.6159668	84.2229003906
2815.02880859	80.2836151123
2816.44189453	78.6079025269
2817.85473633	77.4976425171
2819.26782227	75.2836074829
2820.6809082	77.3900604248
2822.09375	82.2329330444
2823.50683594	79.2960586548
2824.91967773	78.4196090698
2826.33276367	81.9445419312
2827.74560547	83.0202865601
2829.15869141	79.7636260986
2830.5715332	78.5816802979
2831.98461914	75.919342041
2833.39746094	75.5763702393
2834.81054688	69.8047866821
2836.22338867	78.7570266724
2837.63647461	79.9938735962
2839.04956055	77.4472122192
2840.46240234	80.5747299194
2841.87548828	81.2851333618
2843.28833008	82.5993804932
2844.70141602	83.0531616211
2846.11425781	87.3826751709
2847.52734375	83.2844467163
2848.94018555	76.5896530151
2850.35327148	79.3244400024
2851.76611328	85.4325027466
2853.17919922	83.9885940552
2854.59228516	76.0839614868
2856.00512695	81.5619506836
2857.41821289	74.3871765137
2858.83105469	73.0027542114
2860.24414063	81.6079025269
2861.65698242	81.8521499634
2863.07006836	81.2070541382
2864.48291016	77.7725524902
2865.89599609	76.1133041382
2867.30883789	76.6938018799
2868.72192383	78.8393478394
2870.13476563	78.2119140625
2871.54785156	82.8745269775
2872.9609375	78.0014419556
2874.3737793	81.9532699585
2875.78686523	73.9218215942
2877.19970703	83.4357147217
2878.61279297	78.6616439819
2880.02563477	71.2867126465
2881.4387207	75.3448638916
2882.8515625	80.4298477173
2884.26464844	83.858543396
2885.67749023	81.8881072998
2887.09057617	78.7590026855
2888.50341797	79.0152816772
2889.91650391	77.9039535522
2891.32958984	77.107925415
2892.74243164	80.888999939
2894.15551758	81.5793762207
2895.56835938	79.6502304077
2896.98144531	74.8219528198
2898.39428711	80.8154983521
2899.80737305	76.390007019
2901.22021484	83.3344116211
2902.63330078	79.2465438843
2904.04614258	77.7882385254
2905.45922852	77.0918884277
2906.87207031	76.5178756714
2908.28515625	79.9579544067
2909.69824219	82.6040725708
2911.11108398	81.8106689453
2912.52416992	83.2722244263
2913.93701172	77.1138916016
2915.35009766	84.6033477783
2916.76293945	70.0928039551
2918.17602539	77.7739334106
2919.58886719	82.9927215576
2921.00195313	79.9932861328
2922.41479492	82.9391784668
2923.82788086	78.1421890259
2925.2409668	78.1293563843
2926.65380859	80.4424285889
2928.06689453	78.8466720581
2929.47973633	79.8629074097
2930.89282227	80.6100158691
2932.30566406	76.9054412842
2933.71875	80.6007461548
2935.1315918	79.0576629639
2936.54467773	74.1430892944
2937.95751953	81.4504852295
2939.37060547	77.884765625
2940.78344727	82.0755157471
2942.1965332	85.2537155151
2943.60961914	78.2317199707
2945.02246094	75.8465576172
2946.43554688	77.9904174805
2947.84838867	83.3341445923
2949.26147461	78.5048065186
2950.67431641	84.2519836426
2952.08740234	76.5868301392
2953.50024414	75.5747299194
2954.91333008	75.7730026245
2956.32617188	77.1598587036
2957.73925781	77.8943786621
2959.15209961	76.5930175781
2960.56518555	75.5613632202
2961.97827148	75.7719955444
2963.39111328	77.936050415
2964.80419922	80.1343231201
2966.21704102	79.7702407837
2967.63012695	79.6167221069
2969.04296875	71.6821212769
2970.45605469	80.4265365601
2971.86889648	78.437461853
2973.28198242	76.55519104
2974.69482422	73.9209365845
2976.10791016	72.8708267212
2977.52075195	75.7466812134
2978.93383789	79.4013214111
2980.34692383	77.2493743896
2981.75976563	78.1225738525
2983.17285156	76.9022216797
2984.58569336	74.6990280151
2985.9987793	86.1440887451
2987.41162109	70.0550460815
2988.82470703	73.9675064087
2990.23754883	74.7254257202
2991.65063477	75.5272369385
2993.06347656	80.1382369995
2994.4765625	79.07421875
2995.88964844	82.9989929199
2997.30249023	81.2734832764
2998.71557617	83.6272354126
3000.12841797	86.3630752563
3001.54150391	80.6994552612
3002.9543457	70.2931365967
3004.36743164	80.3590087891
3005.78027344	83.1547164917
3007.19335938	77.6049880981
3008.60620117	78.5241928101
3010.01928711	80.022644043
3011.43212891	80.5733947754
3012.84521484	77.0915985107
3014.25830078	76.953742981
3015.67114258	85.4331054688
3017.08422852	77.0268936157
3018.49707031	80.9178771973
3019.91015625	85.6615829468
3021.32299805	74.0764160156
3022.73608398	78.495300293
3024.14892578	83.3373947144
3025.56201172	83.1068954468
3026.97485352	78.045539856
3028.38793945	79.0976638794
3029.80078125	78.5000534058
3031.21386719	81.9710769653
3032.62695313	83.5397186279
3034.03979492	89.3949203491
3035.45288086	84.7249832153
3036.86572266	80.3318099976
3038.27880859	82.2402267456
3039.69165039	77.2912139893
3041.10473633	74.7051086426
3042.51757813	76.3439483643
3043.93066406	79.1236114502
3045.34350586	78.9679260254
3046.7565918	85.7582550049
3048.16967773	74.7012863159
3049.58251953	85.6664657593
3050.99560547	84.9761352539
3052.40844727	77.3271331787
3053.8215332	76.9641189575
3055.234375	80.4319076538
3056.64746094	79.0750427246
3058.06030273	80.2303543091
3059.47338867	79.5863876343
3060.88623047	76.0177459717
3062.29931641	71.8139877319
3063.7121582	83.6639175415
3065.12524414	84.3212509155
3066.53833008	83.059211731
3067.95117188	84.914680481
3069.36425781	84.2811126709
3070.77709961	82.0819168091
3072.19018555	81.590133667
3073.60302734	85.2333297729
3075.01611328	76.6096954346
3076.42895508	75.5431060791
3077.84204102	77.7754821777
3079.25488281	83.8494110107
3080.66796875	79.5261230469
3082.08081055	82.9301300049
3083.49389648	80.1764831543
3084.90698242	75.0674591064
3086.31982422	79.5944137573
3087.73291016	82.5747299194
3089.14575195	84.2667694092
3090.55883789	85.5461883545
3091.97167969	90.2383270264
3093.38476563	79.4791946411
3094.79760742	78.8082351685
3096.21069336	76.5580825806
3097.62353516	75.4004135132
3099.03662109	78.3819351196
3100.44946289	80.7206268311
3101.86254883	82.0868301392
3103.27563477	80.7636032104
3104.68847656	78.7179031372
3106.1015625	76.7323913574
3107.5144043	79.1069793701
3108.92749023	77.1048812866
3110.34033203	76.7957992554
3111.75341797	75.9375152588
3113.16625977	78.5987548828
3114.5793457	79.2931442261
3115.9921875	85.0498199463
3117.40527344	82.1789016724
3118.81835938	79.6335601807
3120.23120117	72.5787887573
3121.64428711	74.434211731
3123.05712891	81.0010681152
3124.47021484	80.0136260986
3125.88305664	80.596572876
3127.29614258	76.2326965332
3128.70898438	80.9504928589
3130.12207031	80.2208023071
3131.53491211	79.6144943237
3132.94799805	78.4159088135
3134.36083984	76.5815887451
3135.77392578	81.0364074707
3137.18701172	79.1976165771
3138.59985352	81.0024108887
3140.01293945	84.7863464355
3141.42578125	84.8849258423
3142.83886719	82.1761627197
3144.25170898	79.7395706177
3145.66479492	86.3521881104
3147.07763672	77.1656265259
3148.49072266	75.3514022827
3149.90356445	80.4353866577
3151.31665039	84.6394882202
3152.72949219	85.3325271606
3154.14257813	84.5223617554
3155.55566406	76.3844451904
3156.96850586	84.5878448486
3158.3815918	90.386100769
3159.79443359	82.1055450439
3161.20751953	85.5849761963
3162.62036133	84.9049072266
3164.03344727	84.0844650269
3165.44628906	82.8773956299
3166.859375	80.8953933716
3168.2722168	77.3906707764
3169.68530273	80.2490615845
3171.09814453	76.7071075439
3172.51123047	79.4669494629
3173.92431641	80.6276779175
3175.3371582	85.0931549072
3176.75024414	82.5950546265
3178.16308594	80.8206634521
3179.57617188	88.138381958
3180.98901367	87.4382019043
3182.40209961	78.1032180786
3183.81494141	82.6314086914
3185.22802734	84.0908508301
3186.64086914	82.8436889648
3188.05395508	75.6066665649
3189.46704102	84.3206634521
3190.87988281	83.2730712891
3192.29296875	81.8695220947
3193.70581055	83.4481201172
3195.11889648	79.6399383545
3196.53173828	85.0071411133
3197.94482422	81.3182373047
3199.35766602	85.2319717407
3200.77075195	80.5747299194
3202.18359375	81.1692733765
3203.59667969	84.3429718018
3205.00952148	83.1557998657
3206.42260742	83.5381546021
3207.83569336	75.1805648804
3209.24853516	85.6248703003
3210.66162109	76.4188613892
3212.07446289	80.9747314453
3213.48754883	82.5177764893
3214.90039063	84.426902771
3216.31347656	82.0489654541
3217.72631836	84.1361465454
3219.1394043	87.5741424561
3220.55224609	85.6945648193
3221.96533203	86.5848388672
3223.37817383	87.7018127441
3224.79125977	87.1814498901
3226.2043457	83.9955673218
3227.6171875	81.4380111694
3229.03027344	84.8567352295
3230.44311523	80.7659988403
3231.85620117	81.9861755371
3233.26904297	85.8225631714
3234.68212891	84.8864517212
3236.0949707	83.8770828247
3237.50805664	85.4319229126
3238.92089844	83.8800888062
3240.33398438	86.9312057495
3241.74707031	105.704467773
3243.15991211	96.1630554199
3244.57299805	105.034767151
3245.98583984	110.996917725
3247.39892578	108.559928894
3248.81176758	115.750541687
3250.22485352	118.719055176
3251.63769531	120.44367218
3253.05078125	122.481529236
3254.46362305	115.33164978
3255.87670898	102.451026917
3257.28955078	105.975875854
3258.70263672	98.1189117432
3260.11572266	95.8503112793
3261.52856445	92.4568252563
3262.94165039	91.6098709106
3264.35449219	77.1200942993
3265.76757813	81.2505493164
3267.18041992	88.0139465332
3268.59350586	87.8390960693
3270.00634766	87.9188995361
3271.41943359	86.1842727661
3272.83227539	83.3490447998
3274.24536133	83.6167221069
3275.65820313	83.6167297363
3277.07128906	82.5294265747
3278.484375	88.5812225342
3279.8972168	85.5906066895
3281.31030273	83.5619049072
3282.72314453	86.0408706665
3284.13623047	87.0372772217
3285.54907227	85.7134475708
3286.9621582	84.5873413086
3288.375	83.938835144
3289.78808594	86.1885604858
3291.20092773	90.1356887817
3292.61401367	86.9340591431
3294.02685547	84.3225402832
3295.43994141	87.2468032837
3296.85302734	80.0039215088
3298.26586914	79.1161346436
3299.67895508	85.0087814331
3301.09179688	86.2253952026
3302.50488281	84.1477966309
3303.91772461	78.2805786133
3305.33081055	81.6024703979
3306.74365234	84.4996948242
3308.15673828	82.6869049072
3309.56958008	85.5571746826
3310.98266602	83.614982605
3312.39575195	88.9396438599
3313.80859375	84.7996063232
3315.22167969	86.5747299194
3316.63452148	83.3028411865
3318.04760742	82.6167221069
3319.46044922	88.3038253784
3320.87353516	76.372543335
3322.28637695	78.53565979
3323.69946289	86.6137313843
3325.11230469	88.3154296875
3326.52539063	85.2422103882
3327.93823242	84.5747299194
3329.35131836	75.9995117188
3330.7644043	83.3869476318
3332.17724609	82.9747085571
3333.59033203	77.9363098145
3335.00317383	81.1981658936
3336.41625977	84.5855789185
3337.82910156	81.1616897583
3339.2421875	81.4778366089
3340.6550293	76.8729095459
3342.06811523	83.5747299194
3343.48095703	84.034034729
3344.89404297	82.2930603027
3346.30688477	84.1881027222
3347.7199707	80.4478225708
3349.13305664	88.6115722656
3350.54589844	85.2861938477
3351.95898438	87.6030578613
3353.37182617	83.0409164429
3354.78491211	86.4184570313
3356.19775391	86.4836425781
3357.61083984	85.5810775757
3359.02368164	83.5928039551
3360.43676758	80.8169555664
3361.84960938	86.9490737915
3363.26269531	86.3442230225
3364.67553711	89.3272171021
3366.08862305	89.7172546387
3367.50170898	87.1915054321
3368.91455078	81.6201858521
3370.32763672	92.7712554932
3371.74047852	87.6167297363
3373.15356445	90.5608444214
3374.56640625	87.2191696167
3375.97949219	83.041557312
3377.39233398	84.43800354
3378.80541992	84.57006073
3380.21826172	81.5459747314
3381.63134766	78.8434371948
3383.04443359	86.1344985962
3384.45727539	82.6441802979
3385.87036133	79.8730926514
3387.28320313	81.3371582031
3388.69628906	84.6758956909
3390.10913086	86.854385376
3391.5222168	80.4897079468
3392.93505859	85.5282211304
3394.34814453	88.4356994629
3395.76098633	86.5243606567
3397.17407227	82.8817520142
3398.58691406	85.3434371948
3400	81.8150253296
